500.0 500.0
51.0	45.0	10782.4453	0.0088
51.0	30.0	10787.4401	0.0063
12.0	154.0	10785.5383	0.0072
69.0	122.0	10760.8560	0.0196
34.0	250.0	10783.0828	0.0085
34.0	214.0	10759.9233	0.0200
80.0	286.0	10782.2928	0.0089
53.0	416.0	10781.6065	0.0092
79.0	341.0	10749.7568	0.0251
39.0	426.0	10781.9397	0.0090
41.0	505.0	10786.4388	0.0068
59.0	553.0	10755.4813	0.0223
100.0	501.0	10607.8226	0.0961
6.0	657.0	10783.7154	0.0081
36.0	618.0	10782.1635	0.0089
86.0	772.0	10621.2034	0.0894
99.0	632.0	10758.1418	0.0209
31.0	804.0	10786.2817	0.0069
38.0	913.0	10755.0288	0.0225
19.0	789.0	10784.1205	0.0079
27.0	865.0	10785.4733	0.0073
38.0	933.0	10783.2851	0.0084
76.0	5.0	10783.0170	0.0085
27.0	81.0	10754.6747	0.0227
72.0	133.0	10721.4226	0.0393
118.0	212.0	10705.9352	0.0470
83.0	206.0	10621.5576	0.0892
118.0	156.0	10787.2428	0.0064
56.0	244.0	10780.9119	0.0095
93.0	294.0	10751.5773	0.0242
81.0	320.0	10784.9465	0.0075
84.0	382.0	10788.9402	0.0055
56.0	473.0	10787.6789	0.0062
45.0	542.0	10785.3245	0.0073
16.0	536.0	10781.6281	0.0092
10.0	589.0	10786.7806	0.0066
120.0	651.0	10749.9650	0.0250
31.0	650.0	10783.9638	0.0080
22.0	731.0	10782.7568	0.0086
28.0	755.0	10786.2590	0.0069
82.0	907.0	10783.7633	0.0081
43.0	781.0	10788.8011	0.0056
52.0	892.0	10783.9513	0.0080
146.0	862.0	10630.8856	0.0846
83.0	968.0	10782.9630	0.0085
151.0	9.0	10746.8304	0.0266
202.0	74.0	10786.1662	0.0069
116.0	111.0	10713.7385	0.0431
103.0	160.0	10786.4890	0.0068
61.0	247.0	10781.8894	0.0091
134.0	267.0	10765.6448	0.0172
40.0	310.0	10788.5076	0.0057
109.0	300.0	10752.7014	0.0236
113.0	404.0	10791.5662	0.0042
30.0	542.0	10782.8687	0.0086
53.0	482.0	10787.2218	0.0064
132.0	516.0	10594.8156	0.1026
102.0	576.0	10630.6260	0.0847
69.0	686.0	10715.6168	0.0422
48.0	649.0	10784.2290	0.0079
65.0	811.0	10750.0722	0.0250
157.0	792.0	10063.6548	0.3682
122.0	741.0	10694.2287	0.0529
73.0	755.0	10783.6634	0.0082
176.0	818.0	10784.5304	0.0077
169.0	943.0	10784.5886	0.0077
48.0	988.0	10783.7838	0.0081
156.0	965.0	10749.1886	0.0254
185.0	86.0	10782.5616	0.0087
151.0	89.0	10731.5373	0.0342
261.0	103.0	10438.3616	0.1808
209.0	235.0	10780.9743	0.0095
157.0	149.0	10783.8418	0.0081
207.0	312.0	10783.5763	0.0082
115.0	263.0	10790.5856	0.0047
219.0	397.0	10781.2204	0.0094
104.0	384.0	10764.6343	0.0177
178.0	351.0	10782.2525	0.0089
100.0	418.0	10584.8956	0.1076
278.0	561.0	10721.7663	0.0391
219.0	675.0	10783.1351	0.0084
209.0	573.0	10783.4785	0.0083
6.0	644.0	10783.9005	0.0080
235.0	641.0	10786.5843	0.0067
144.0	775.0	10791.4200	0.0043
143.0	812.0	10718.4966	0.0408
159.0	837.0	10721.8233	0.0391
244.0	905.0	10782.4989	0.0088
182.0	963.0	10788.5587	0.0057
109.0	931.0	10685.8211	0.0571
174.0	59.0	10787.4223	0.0063
177.0	135.0	10788.2879	0.0059
195.0	110.0	10566.3155	0.1168
219.0	230.0	10141.2326	0.3294
186.0	106.0	10782.5177	0.0087
114.0	164.0	10788.4930	0.0058
346.0	243.0	10674.3365	0.0628
159.0	164.0	10785.5247	0.0072
144.0	248.0	10170.5118	0.3147
254.0	371.0	10751.0830	0.0245
80.0	491.0	10406.6387	0.1967
241.0	519.0	10752.9361	0.0235
237.0	518.0	10784.2596	0.0079
263.0	582.0	10752.8174	0.0236
201.0	509.0	10591.2700	0.1044
211.0	578.0	10783.8859	0.0081
157.0	740.0	10787.7969	0.0061
237.0	763.0	10783.6369	0.0082
154.0	755.0	10790.4840	0.0048
106.0	814.0	10785.8351	0.0071
121.0	893.0	10752.4058	0.0238
230.0	956.0	10669.9315	0.0650
164.0	951.0	10781.3554	0.0093
318.0	27.0	10784.7844	0.0076
198.0	159.0	10783.6900	0.0082
234.0	113.0	10784.3755	0.0078
221.0	162.0	10683.8417	0.0581
212.0	233.0	10782.3998	0.0088
269.0	244.0	10785.5842	0.0072
340.0	312.0	10014.2021	0.3929
269.0	424.0	10783.6666	0.0082
324.0	392.0	10782.7287	0.0086
275.0	348.0	10717.1772	0.0414
158.0	484.0	10144.3931	0.3278
243.0	482.0	10525.7648	0.1371
333.0	460.0	10786.6739	0.0067
185.0	561.0	10783.3680	0.0083
242.0	625.0	10784.0948	0.0080
252.0	649.0	10779.7124	0.0101
361.0	720.0	9050.6866	0.8747
294.0	803.0	10782.9715	0.0085
141.0	738.0	10757.0100	0.0215
210.0	886.0	10714.7160	0.0426
166.0	958.0	10785.0032	0.0075
197.0	942.0	10784.8406	0.0076
248.0	904.0	10580.6408	0.1097
334.0	29.0	10786.3964	0.0068
292.0	81.0	10784.3777	0.0078
295.0	143.0	10755.9083	0.0220
287.0	55.0	10788.0675	0.0060
310.0	151.0	10361.3555	0.2193
258.0	223.0	10669.5346	0.0652
220.0	293.0	10782.6294	0.0087
273.0	274.0	9826.7539	0.4866
252.0	344.0	10784.3729	0.0078
312.0	416.0	10558.8978	0.1206
231.0	508.0	10110.1231	0.3449
293.0	424.0	10755.5384	0.0222
288.0	528.0	10782.4643	0.0088
295.0	584.0	10728.5683	0.0357
294.0	668.0	10699.9575	0.0500
322.0	756.0	10787.0550	0.0065
277.0	781.0	9659.2729	0.5704
322.0	803.0	10785.5486	0.0072
219.0	808.0	10512.9050	0.1435
232.0	788.0	10138.2666	0.3309
294.0	949.0	10789.1847	0.0054
332.0	973.0	10785.3924	0.0073
304.0	906.0	10783.4847	0.0083
386.0	113.0	10788.2366	0.0059
387.0	120.0	10788.7306	0.0056
290.0	140.0	10786.5410	0.0067
326.0	88.0	10678.6674	0.0607
308.0	201.0	10700.4413	0.0498
359.0	206.0	10437.0643	0.1815
343.0	339.0	10788.9851	0.0055
315.0	296.0	10757.1590	0.0214
215.0	353.0	10783.8284	0.0081
269.0	399.0	10761.4096	0.0193
308.0	511.0	9175.0162	0.8125
348.0	647.0	10624.2312	0.0879
396.0	603.0	10788.5453	0.0057
340.0	581.0	9229.8468	0.7851
412.0	654.0	10639.7789	0.0801
336.0	739.0	9851.8358	0.4741
326.0	839.0	10444.4576	0.1778
270.0	702.0	10762.0738	0.0190
362.0	808.0	10788.0121	0.0060
322.0	912.0	10453.2866	0.1734
368.0	889.0	10784.7228	0.0076
347.0	949.0	10785.4666	0.0073
383.0	49.0	10783.2746	0.0084
453.0	25.0	10781.5620	0.0092
433.0	106.0	10658.8670	0.0706
468.0	201.0	10619.3158	0.0903
403.0	156.0	10641.5900	0.0792
461.0	313.0	10787.4822	0.0063
367.0	323.0	10791.8704	0.0041
318.0	330.0	10757.4587	0.0213
426.0	384.0	9545.1805	0.6274
338.0	335.0	10789.5646	0.0052
457.0	336.0	8424.9835	1.1875
530.0	376.0	6138.2564	1.0012
398.0	488.0	10782.5181	0.0087
333.0	466.0	10422.3580	0.1888
406.0	602.0	10632.9812	0.0835
433.0	760.0	10591.5290	0.1042
470.0	723.0	10717.9726	0.0410
320.0	703.0	10786.3702	0.0068
398.0	826.0	10588.4165	0.1058
366.0	755.0	10690.4711	0.0548
375.0	922.0	10789.6062	0.0052
363.0	962.0	10783.3952	0.0083
404.0	952.0	10785.5820	0.0072
413.0	38.0	10783.8012	0.0081
380.0	114.0	10788.4479	0.0058
435.0	78.0	10791.2717	0.0044
381.0	144.0	10657.6199	0.0712
461.0	170.0	10620.0543	0.0900
357.0	232.0	10789.9242	0.0050
436.0	263.0	9646.6428	0.5767
376.0	323.0	9513.0248	0.6435
312.0	375.0	10788.5354	0.0057
492.0	502.0	10792.5602	0.0037
511.0	472.0	8318.5260	1.2407
379.0	566.0	8761.8816	1.0191
496.0	556.0	6250.1052	1.2846
405.0	698.0	10680.1041	0.0599
446.0	609.0	6141.1892	1.1567
403.0	674.0	10784.3192	0.0078
445.0	713.0	10781.6813	0.0092
438.0	708.0	10514.8343	0.1426
358.0	799.0	10334.4400	0.2328
443.0	841.0	10783.7038	0.0081
346.0	819.0	10784.7304	0.0076
370.0	889.0	10659.6743	0.0702
414.0	992.0	10786.1158	0.0069
561.0	10.0	10789.3717	0.0053
469.0	62.0	10786.5324	0.0067
409.0	103.0	10787.2283	0.0064
388.0	212.0	9956.5467	0.4217
437.0	191.0	10784.7632	0.0076
489.0	215.0	10781.7222	0.0091
506.0	229.0	10613.1950	0.0934
513.0	311.0	6038.1580	1.2237
441.0	425.0	10761.6856	0.0192
529.0	434.0	10783.8480	0.0081
421.0	446.0	10785.0291	0.0075
602.0	594.0	10784.9404	0.0075
529.0	485.0	10789.8091	0.0051
492.0	652.0	9745.0112	0.5275
440.0	607.0	10782.9067	0.0085
488.0	695.0	10353.3098	0.2233
403.0	659.0	9117.4004	0.8413
487.0	786.0	10754.2366	0.0229
473.0	836.0	10664.2299	0.0679
615.0	822.0	10527.3227	0.1363
456.0	949.0	10734.4774	0.0328
517.0	998.0	10782.2493	0.0089
555.0	973.0	10791.2559	0.0044
477.0	33.0	10786.5776	0.0067
508.0	81.0	10685.3419	0.0573
546.0	153.0	10591.4735	0.1043
540.0	145.0	10647.2427	0.0764
533.0	206.0	10783.8727	0.0081
501.0	275.0	10789.8763	0.0051
574.0	215.0	10375.0312	0.2125
582.0	345.0	10783.4023	0.0083
415.0	442.0	10785.4397	0.0073
545.0	365.0	10784.6465	0.0077
512.0	478.0	10791.0402	0.0045
558.0	539.0	9215.4575	0.7923
496.0	494.0	10791.8562	0.0041
590.0	598.0	9241.3985	0.7793
500.0	612.0	9620.3593	0.5898
558.0	745.0	10750.9042	0.0245
537.0	707.0	10783.7190	0.0081
509.0	821.0	10783.8526	0.0081
526.0	726.0	10421.7227	0.1891
478.0	912.0	10681.5119	0.0592
613.0	892.0	10657.7245	0.0711
555.0	986.0	10788.7876	0.0056
629.0	32.0	10783.9531	0.0080
515.0	48.0	10790.0073	0.0050
598.0	53.0	10748.2910	0.0259
587.0	88.0	10782.7249	0.0086
530.0	279.0	10212.8968	0.2936
547.0	273.0	10787.6576	0.0062
582.0	292.0	9788.6061	0.5057
571.0	384.0	10751.4932	0.0243
556.0	402.0	10788.4005	0.0058
640.0	387.0	10783.4692	0.0083
527.0	398.0	9680.1723	0.5599
526.0	437.0	6366.7634	1.2633
625.0	528.0	10154.4558	0.3228
622.0	581.0	9907.5853	0.4462
545.0	552.0	8872.8935	0.9636
534.0	716.0	10548.7714	0.1256
613.0	666.0	10783.2679	0.0084
494.0	778.0	10586.7490	0.1066
493.0	752.0	10757.8665	0.0211
601.0	860.0	10781.0114	0.0095
520.0	852.0	10782.8259	0.0086
542.0	980.0	10789.5819	0.0052
631.0	896.0	10678.5824	0.0607
613.0	105.0	10716.7888	0.0416
554.0	52.0	10751.5140	0.0242
636.0	135.0	10784.7136	0.0076
717.0	153.0	10302.0026	0.2490
613.0	216.0	10787.6895	0.0062
731.0	309.0	10785.8396	0.0071
617.0	270.0	10574.3357	0.1128
643.0	404.0	8909.7748	0.9451
605.0	384.0	10784.3074	0.0078
589.0	455.0	8665.2378	1.0674
599.0	573.0	10575.6367	0.1122
634.0	572.0	10789.1419	0.0054
616.0	591.0	10782.9110	0.0085
585.0	656.0	9364.4690	0.7178
713.0	636.0	10784.4879	0.0078
583.0	683.0	10737.6433	0.0312
574.0	788.0	10370.8369	0.2146
628.0	794.0	10643.3003	0.0783
562.0	799.0	10786.2935	0.0069
683.0	865.0	10787.4166	0.0063
597.0	858.0	10783.8559	0.0081
661.0	929.0	10751.3291	0.0243
568.0	947.0	10689.1630	0.0554
636.0	40.0	10783.5743	0.0082
701.0	75.0	10711.7033	0.0441
569.0	122.0	10681.2101	0.0594
651.0	199.0	10746.6499	0.0267
651.0	170.0	10678.8105	0.0606
654.0	240.0	10732.6942	0.0337
658.0	213.0	10783.2779	0.0084
572.0	366.0	9885.0852	0.4575
716.0	375.0	10782.0833	0.0090
695.0	413.0	10012.6605	0.3937
715.0	540.0	10435.6208	0.1822
627.0	462.0	10738.5883	0.0307
648.0	633.0	10746.0927	0.0270
745.0	488.0	10754.4598	0.0228
645.0	623.0	10690.5791	0.0547
685.0	691.0	10781.7273	0.0091
658.0	671.0	9331.0457	0.7345
693.0	698.0	10780.7400	0.0096
683.0	956.0	10782.3658	0.0088
648.0	781.0	10789.4560	0.0053
619.0	870.0	10650.1154	0.0749
687.0	973.0	10785.5539	0.0072
707.0	20.0	10785.7804	0.0071
767.0	54.0	10785.4561	0.0073
751.0	85.0	10782.9676	0.0085
764.0	77.0	10789.4001	0.0053
773.0	115.0	10783.8673	0.0081
709.0	195.0	10783.1964	0.0084
638.0	248.0	10134.7583	0.3326
678.0	310.0	10631.4610	0.0843
775.0	306.0	10263.4175	0.2683
742.0	328.0	10785.1540	0.0074
698.0	358.0	10784.7479	0.0076
691.0	425.0	10751.5380	0.0242
689.0	547.0	10191.8238	0.3041
683.0	622.0	10750.4175	0.0248
705.0	656.0	10784.7689	0.0076
729.0	541.0	10763.4960	0.0183
738.0	590.0	10784.9780	0.0075
661.0	781.0	10711.3229	0.0443
689.0	812.0	10711.6057	0.0442
743.0	849.0	10508.9207	0.1455
680.0	907.0	10752.9574	0.0235
669.0	956.0	10782.5636	0.0087
667.0	956.0	10782.9393	0.0085
738.0	112.0	10571.0245	0.1145
761.0	28.0	10783.7865	0.0081
659.0	39.0	10785.1264	0.0074
667.0	220.0	10784.3200	0.0078
710.0	232.0	10288.1398	0.2559
705.0	185.0	10783.1684	0.0084
755.0	351.0	10686.3701	0.0568
777.0	415.0	10539.5319	0.1302
731.0	342.0	9886.7735	0.4566
683.0	350.0	10380.7416	0.2096
780.0	445.0	10785.8221	0.0071
753.0	481.0	10784.7949	0.0076
776.0	441.0	10746.2806	0.0269
777.0	542.0	10482.4302	0.1588
806.0	653.0	10058.9989	0.3705
733.0	621.0	10157.9989	0.3210
719.0	704.0	9892.0970	0.4540
860.0	778.0	10647.8532	0.0761
649.0	743.0	10328.9168	0.2355
748.0	881.0	10786.3188	0.0068
717.0	828.0	10719.7744	0.0401
698.0	989.0	10784.4484	0.0078
867.0	982.0	10784.6179	0.0077
807.0	72.0	10681.1438	0.0594
807.0	178.0	10433.5274	0.1832
831.0	146.0	10789.8888	0.0051
831.0	145.0	10789.2827	0.0054
828.0	248.0	10209.1208	0.2954
818.0	275.0	10662.0850	0.0690
752.0	291.0	10618.3084	0.0908
848.0	230.0	10787.5736	0.0062
791.0	338.0	10600.3510	0.0998
761.0	461.0	10782.5790	0.0087
814.0	360.0	10753.8240	0.0231
719.0	385.0	10376.6040	0.2117
732.0	609.0	10783.7039	0.0081
692.0	588.0	10044.8939	0.3776
734.0	666.0	10784.8552	0.0076
830.0	736.0	10784.5644	0.0077
815.0	800.0	10207.5369	0.2962
744.0	770.0	9914.6561	0.4427
775.0	864.0	10784.6599	0.0077
810.0	993.0	10789.2939	0.0054
702.0	871.0	10785.6064	0.0072
827.0	870.0	10785.1751	0.0074
775.0	912.0	10558.8500	0.1206
863.0	17.0	10715.2336	0.0424
774.0	71.0	10757.0121	0.0215
842.0	114.0	10530.6660	0.1347
845.0	214.0	10785.0690	0.0075
874.0	185.0	10782.1310	0.0089
867.0	210.0	10786.8100	0.0066
821.0	329.0	10720.8099	0.0396
903.0	340.0	10761.8248	0.0191
815.0	379.0	10783.1672	0.0084
884.0	434.0	10764.6031	0.0177
794.0	390.0	10783.6842	0.0082
848.0	550.0	10784.1149	0.0079
854.0	543.0	10649.1098	0.0754
827.0	588.0	10722.8355	0.0386
887.0	663.0	10732.6368	0.0337
860.0	654.0	10758.8073	0.0206
843.0	649.0	10605.7366	0.0971
905.0	755.0	10786.2664	0.0069
866.0	789.0	10786.8726	0.0066
852.0	826.0	10788.5589	0.0057
952.0	842.0	10715.1195	0.0424
858.0	967.0	10786.6735	0.0067
936.0	6.0	10751.6562	0.0242
814.0	3.0	10781.3682	0.0093
872.0	76.0	10788.9840	0.0055
841.0	181.0	10784.3154	0.0078
817.0	187.0	10785.7113	0.0071
881.0	233.0	10783.2136	0.0084
887.0	202.0	10782.6633	0.0087
886.0	316.0	10754.6095	0.0227
853.0	411.0	10617.4107	0.0913
858.0	340.0	10622.0897	0.0890
781.0	494.0	10784.4168	0.0078
984.0	517.0	10786.6885	0.0067
833.0	576.0	10784.3523	0.0078
871.0	566.0	10788.7216	0.0056
888.0	636.0	10782.3600	0.0088
855.0	628.0	10787.4152	0.0063
880.0	647.0	10481.9867	0.1590
865.0	739.0	10781.3534	0.0093
952.0	687.0	10784.9065	0.0075
862.0	821.0	10786.7502	0.0066
913.0	902.0	10751.5445	0.0242
898.0	975.0	10784.2534	0.0079
806.0	949.0	10706.4049	0.0468
957.0	136.0	10690.8897	0.0546
981.0	142.0	10790.8861	0.0046
947.0	110.0	10789.4456	0.0053
984.0	114.0	10789.5622	0.0052
972.0	265.0	10783.0186	0.0085
952.0	272.0	10782.5200	0.0087
911.0	292.0	10782.8484	0.0086
939.0	382.0	10783.6919	0.0082
876.0	467.0	10679.1212	0.0604
897.0	397.0	10788.9311	0.0055
928.0	496.0	10757.1018	0.0214
954.0	524.0	10780.6763	0.0097
935.0	620.0	10786.5188	0.0067
944.0	665.0	10783.6846	0.0082
974.0	596.0	10788.5956	0.0057
930.0	597.0	10653.0000	0.0735
936.0	592.0	10782.3656	0.0088
928.0	674.0	10783.8814	0.0081
962.0	725.0	10787.4336	0.0063
909.0	825.0	10723.8470	0.0381
924.0	799.0	10752.5801	0.0237
816.0	950.0	10726.3500	0.0368
890.0	975.0	10781.6167	0.0092
997.0	21.0	10786.3305	0.0068
904.0	95.0	10604.1723	0.0979
996.0	116.0	10789.2032	0.0054
967.0	124.0	10784.2255	0.0079
973.0	318.0	10783.4687	0.0083
905.0	284.0	10746.8422	0.0266
883.0	243.0	10784.2575	0.0079
891.0	341.0	10781.8908	0.0091
909.0	439.0	10754.2126	0.0229
973.0	451.0	10784.9573	0.0075
918.0	469.0	10788.4944	0.0058
974.0	570.0	10787.6134	0.0062
905.0	699.0	10681.6212	0.0592
947.0	631.0	10783.3945	0.0083
975.0	610.0	10788.9788	0.0055
947.0	717.0	10788.4040	0.0058
964.0	830.0	10787.5092	0.0062
885.0	808.0	10624.7449	0.0876
941.0	864.0	10749.6822	0.0252
891.0	939.0	10782.3766	0.0088
952.0	895.0	10758.0890	0.0210
970.0	923.0	10785.4577	0.0073
976.0	965.0	10782.8613	0.0086
