500.0 500.0
28.0	6.0	10784.8352	0.0076
21.0	143.0	10785.2175	0.0074
35.0	159.0	10788.2638	0.0059
128.0	231.0	10587.9968	0.1060
55.0	189.0	10790.4639	0.0048
26.0	294.0	10783.0175	0.0085
81.0	175.0	10587.7967	0.1061
61.0	370.0	10782.4100	0.0088
35.0	400.0	10783.9783	0.0080
89.0	468.0	10356.1168	0.2219
41.0	531.0	10746.6951	0.0267
60.0	559.0	10790.6647	0.0047
29.0	519.0	10781.0031	0.0095
9.0	599.0	10782.3243	0.0088
37.0	741.0	10785.1887	0.0074
139.0	713.0	10673.4223	0.0633
33.0	756.0	10784.6671	0.0077
80.0	820.0	10679.4362	0.0603
127.0	736.0	10642.1084	0.0789
62.0	842.0	10786.3714	0.0068
72.0	900.0	10784.4769	0.0078
17.0	867.0	10781.3998	0.0093
171.0	38.0	10754.0582	0.0230
99.0	80.0	10689.6371	0.0552
51.0	113.0	10785.4620	0.0073
74.0	127.0	10782.1075	0.0089
64.0	105.0	10782.0266	0.0090
7.0	202.0	10782.4306	0.0088
148.0	279.0	10405.0630	0.1975
84.0	381.0	10783.3192	0.0083
101.0	350.0	10784.5946	0.0077
128.0	407.0	10686.2471	0.0569
41.0	431.0	10786.1579	0.0069
41.0	491.0	10788.1565	0.0059
72.0	555.0	10791.3105	0.0043
57.0	608.0	10785.4658	0.0073
76.0	594.0	10788.2471	0.0059
54.0	637.0	10785.4275	0.0073
122.0	724.0	10679.6809	0.0602
183.0	739.0	10749.4900	0.0253
49.0	805.0	10786.8921	0.0066
78.0	786.0	10716.1666	0.0419
127.0	902.0	10721.9309	0.0390
27.0	924.0	10782.6449	0.0087
107.0	927.0	10790.0708	0.0050
162.0	14.0	10790.5641	0.0047
67.0	39.0	10788.5658	0.0057
92.0	31.0	10760.8282	0.0196
102.0	128.0	10787.8130	0.0061
137.0	213.0	10784.0028	0.0080
93.0	265.0	10757.6145	0.0212
92.0	353.0	10751.0547	0.0245
153.0	370.0	10752.9329	0.0235
67.0	440.0	10784.7956	0.0076
166.0	375.0	10689.1724	0.0554
119.0	462.0	10783.6517	0.0082
87.0	551.0	10765.5212	0.0172
80.0	579.0	10764.5850	0.0177
48.0	618.0	10781.1509	0.0094
70.0	598.0	10787.8374	0.0061
18.0	720.0	10785.8023	0.0071
102.0	744.0	10599.4180	0.1003
76.0	748.0	10692.6558	0.0537
65.0	828.0	10781.9379	0.0090
111.0	841.0	10761.6026	0.0192
231.0	998.0	10785.7061	0.0071
150.0	974.0	10783.8019	0.0081
137.0	933.0	10751.9413	0.0240
128.0	21.0	10782.3220	0.0088
113.0	135.0	10783.6788	0.0082
219.0	174.0	10757.6538	0.0212
208.0	136.0	10647.7187	0.0761
148.0	134.0	10581.0010	0.1095
117.0	259.0	10790.4331	0.0048
159.0	191.0	10765.2160	0.0174
58.0	398.0	10783.2718	0.0084
74.0	386.0	10786.3614	0.0068
35.0	488.0	10786.7942	0.0066
186.0	448.0	10745.5566	0.0272
86.0	547.0	10472.7100	0.1636
197.0	546.0	10790.6764	0.0047
184.0	573.0	10787.2682	0.0064
35.0	803.0	10785.4410	0.0073
162.0	714.0	10569.0847	0.1155
225.0	739.0	10520.4229	0.1398
80.0	863.0	10782.8133	0.0086
95.0	891.0	10750.9077	0.0245
128.0	929.0	10783.2661	0.0084
187.0	899.0	10721.9426	0.0390
101.0	979.0	10786.2716	0.0069
188.0	14.0	10783.0462	0.0085
149.0	97.0	10687.9073	0.0560
210.0	156.0	10784.0888	0.0080
186.0	172.0	10783.9902	0.0080
217.0	167.0	10464.9816	0.1675
185.0	209.0	10543.0965	0.1285
183.0	309.0	10784.8709	0.0076
182.0	338.0	10358.8864	0.2206
294.0	238.0	10782.5068	0.0087
195.0	423.0	9993.2557	0.4034
131.0	464.0	10180.4918	0.3098
286.0	429.0	10784.4281	0.0078
274.0	442.0	10644.5200	0.0777
177.0	615.0	10785.0464	0.0075
206.0	553.0	10749.5851	0.0252
213.0	642.0	10790.3592	0.0048
130.0	752.0	10787.3628	0.0063
214.0	760.0	10782.4460	0.0088
240.0	818.0	10454.2549	0.1729
139.0	806.0	10683.9468	0.0580
243.0	827.0	10784.4056	0.0078
129.0	941.0	10782.7419	0.0086
146.0	962.0	10782.4914	0.0088
264.0	22.0	10747.7447	0.0261
242.0	97.0	10715.9727	0.0420
292.0	119.0	10788.7733	0.0056
239.0	217.0	10722.6726	0.0387
287.0	256.0	10686.3534	0.0568
362.0	168.0	10785.1952	0.0074
265.0	277.0	10783.6348	0.0082
243.0	262.0	10531.9266	0.1340
223.0	347.0	10782.1970	0.0089
289.0	408.0	10791.3248	0.0043
208.0	404.0	10715.0208	0.0425
216.0	471.0	10785.1247	0.0074
229.0	410.0	10652.2010	0.0739
227.0	545.0	10711.5675	0.0442
286.0	521.0	10422.7880	0.1886
224.0	615.0	10748.1458	0.0259
244.0	692.0	10244.3328	0.2778
196.0	696.0	10405.4038	0.1973
277.0	771.0	10787.1857	0.0064
244.0	792.0	10783.7797	0.0081
250.0	888.0	10462.9600	0.1685
320.0	984.0	10784.3663	0.0078
290.0	971.0	10760.6219	0.0197
305.0	13.0	10749.0030	0.0255
229.0	96.0	10782.9108	0.0085
309.0	92.0	10739.6148	0.0302
364.0	215.0	10782.4933	0.0088
311.0	254.0	10098.2745	0.3509
395.0	212.0	10784.0324	0.0080
265.0	216.0	10398.9366	0.2005
233.0	345.0	10748.9195	0.0255
253.0	351.0	10313.0315	0.2435
308.0	384.0	10784.5546	0.0077
359.0	516.0	10239.2965	0.2804
262.0	470.0	10725.9840	0.0370
317.0	591.0	10781.3434	0.0093
277.0	693.0	10789.5204	0.0052
285.0	577.0	10731.0099	0.0345
286.0	721.0	10791.3954	0.0043
260.0	763.0	10786.0154	0.0070
272.0	805.0	10783.7657	0.0081
243.0	795.0	10783.4814	0.0083
315.0	777.0	10717.6627	0.0412
195.0	895.0	10614.0648	0.0930
314.0	961.0	10784.3508	0.0078
298.0	922.0	10703.4102	0.0483
399.0	93.0	10782.4191	0.0088
335.0	111.0	10657.4469	0.0713
332.0	207.0	10787.7924	0.0061
421.0	173.0	10787.1650	0.0064
303.0	206.0	10788.2996	0.0059
377.0	165.0	10750.3316	0.0248
397.0	344.0	8994.8110	0.9026
387.0	335.0	10784.0560	0.0080
304.0	407.0	9172.8091	0.8136
354.0	458.0	10761.1699	0.0194
272.0	406.0	10089.8352	0.3551
264.0	501.0	10740.6981	0.0297
310.0	582.0	10783.4594	0.0083
381.0	553.0	10759.9174	0.0200
417.0	618.0	10785.8748	0.0071
300.0	721.0	9346.6231	0.7267
270.0	764.0	10419.0344	0.1905
378.0	733.0	10685.2248	0.0574
338.0	773.0	10411.2591	0.1944
423.0	811.0	10488.3981	0.1558
447.0	860.0	10787.6516	0.0062
391.0	963.0	10784.1485	0.0079
320.0	5.0	10791.7703	0.0041
347.0	82.0	10785.1237	0.0074
437.0	87.0	10786.1548	0.0069
340.0	103.0	10781.8032	0.0091
361.0	174.0	10593.8384	0.1031
380.0	237.0	10380.4133	0.2098
382.0	159.0	10782.2592	0.0089
411.0	318.0	10754.3334	0.0228
334.0	303.0	9751.7868	0.5241
373.0	431.0	9427.6022	0.6862
374.0	416.0	10761.6659	0.0192
392.0	499.0	10459.8817	0.1701
392.0	519.0	10783.7689	0.0081
302.0	572.0	10676.8541	0.0616
436.0	600.0	8722.6994	1.0387
365.0	700.0	8976.3633	0.9118
388.0	727.0	10784.6064	0.0077
375.0	734.0	10790.4408	0.0048
357.0	812.0	10544.2949	0.1279
341.0	900.0	10607.9790	0.0960
437.0	856.0	10705.6835	0.0472
360.0	871.0	10547.9690	0.1260
305.0	939.0	10788.8686	0.0056
426.0	49.0	10783.0110	0.0085
527.0	49.0	10782.4287	0.0088
456.0	83.0	10759.5090	0.0202
437.0	179.0	10733.3318	0.0333
443.0	128.0	10786.2770	0.0069
442.0	224.0	10493.8866	0.1531
456.0	363.0	9051.7272	0.8741
479.0	355.0	10714.2464	0.0429
391.0	302.0	10409.8608	0.1951
408.0	456.0	8406.3945	1.1968
461.0	470.0	10788.0373	0.0060
394.0	575.0	10748.8671	0.0256
403.0	566.0	10621.0044	0.0895
475.0	643.0	10424.6650	0.1877
327.0	574.0	10678.6264	0.0607
418.0	666.0	8724.6950	1.0377
471.0	651.0	10783.4411	0.0083
479.0	693.0	10478.5211	0.1607
462.0	865.0	10753.6816	0.0232
411.0	841.0	10790.1120	0.0049
485.0	896.0	10726.0213	0.0370
399.0	949.0	10782.8191	0.0086
501.0	921.0	10784.4329	0.0078
524.0	92.0	10756.8329	0.0216
530.0	127.0	10754.3750	0.0228
401.0	115.0	10749.3942	0.0253
480.0	131.0	10618.5023	0.0907
459.0	180.0	10702.4463	0.0488
448.0	270.0	10785.2906	0.0074
406.0	285.0	10459.3184	0.1703
504.0	291.0	10785.1074	0.0074
520.0	450.0	9916.0512	0.4420
480.0	461.0	8865.1871	0.9674
529.0	617.0	10015.8117	0.3921
562.0	518.0	8660.0201	1.0700
462.0	507.0	8532.5195	1.1337
534.0	671.0	10178.7239	0.3106
459.0	674.0	10782.4800	0.0088
503.0	657.0	10783.3808	0.0083
481.0	765.0	10460.2844	0.1699
423.0	836.0	10791.3375	0.0043
584.0	781.0	10311.5479	0.2442
460.0	949.0	10757.4623	0.0213
517.0	890.0	10642.2510	0.0789
495.0	941.0	10760.0412	0.0200
432.0	978.0	10784.5344	0.0077
515.0	17.0	10782.6135	0.0087
584.0	105.0	10706.0935	0.0470
458.0	116.0	10753.7107	0.0231
568.0	229.0	10501.0481	0.1495
610.0	148.0	10597.7522	0.1011
361.0	187.0	10787.6425	0.0062
531.0	319.0	10786.8600	0.0066
526.0	314.0	10786.3805	0.0068
568.0	314.0	10088.2602	0.3559
479.0	396.0	8628.6407	1.0857
535.0	542.0	6138.2564	1.0012
593.0	420.0	10781.8090	0.0091
499.0	587.0	8278.0752	1.2610
475.0	654.0	10751.0686	0.0245
547.0	632.0	10633.4907	0.0833
556.0	730.0	10172.0410	0.3140
523.0	715.0	10782.1395	0.0089
537.0	798.0	10783.9042	0.0080
557.0	810.0	10785.6693	0.0072
505.0	933.0	10789.0070	0.0055
571.0	912.0	10785.5188	0.0072
534.0	962.0	10782.4473	0.0088
552.0	32.0	10782.7889	0.0086
591.0	32.0	10783.1046	0.0084
540.0	113.0	10781.7995	0.0091
607.0	216.0	10606.4044	0.0968
525.0	192.0	10554.0766	0.1230
588.0	250.0	10537.3692	0.1313
531.0	288.0	10788.8971	0.0056
517.0	323.0	10784.3121	0.0078
511.0	320.0	10783.9251	0.0080
583.0	399.0	9415.4923	0.6923
640.0	475.0	10789.7702	0.0051
576.0	390.0	10118.4661	0.3408
499.0	481.0	10790.9060	0.0045
579.0	578.0	9439.9286	0.6800
549.0	571.0	10607.5266	0.0962
539.0	674.0	10786.4078	0.0068
583.0	679.0	10697.1598	0.0514
578.0	617.0	10787.5553	0.0062
633.0	740.0	10782.8094	0.0086
557.0	851.0	10517.7019	0.1411
605.0	840.0	10786.2601	0.0069
732.0	966.0	10725.2649	0.0374
577.0	940.0	10782.0624	0.0090
470.0	12.0	10783.6208	0.0082
666.0	136.0	10486.8678	0.1566
629.0	80.0	10783.6246	0.0082
736.0	168.0	10692.7095	0.0536
736.0	199.0	10784.6523	0.0077
624.0	295.0	10785.8507	0.0071
561.0	298.0	10549.4791	0.1253
660.0	240.0	10784.1082	0.0079
621.0	358.0	9862.0872	0.4690
570.0	416.0	9938.0086	0.4310
532.0	436.0	8559.9442	1.1200
605.0	486.0	10325.4321	0.2373
601.0	645.0	9339.9945	0.7300
599.0	549.0	10784.2706	0.0079
658.0	690.0	10783.7260	0.0081
570.0	749.0	10750.9745	0.0245
595.0	794.0	10783.0553	0.0085
593.0	782.0	10784.8299	0.0076
651.0	732.0	10763.8533	0.0181
622.0	848.0	10749.7243	0.0251
682.0	839.0	10563.8520	0.1181
635.0	835.0	10782.4576	0.0088
653.0	999.0	10791.6874	0.0042
688.0	39.0	10781.2453	0.0094
648.0	72.0	10784.5135	0.0077
714.0	102.0	10785.9902	0.0070
636.0	63.0	10781.3599	0.0093
681.0	258.0	10033.4624	0.3833
615.0	296.0	10045.6912	0.3772
669.0	179.0	10047.6643	0.3762
696.0	385.0	10781.0024	0.0095
661.0	296.0	10783.2478	0.0084
741.0	421.0	10787.4676	0.0063
633.0	430.0	10691.5464	0.0542
639.0	503.0	9050.5610	0.8747
645.0	534.0	10632.8756	0.0836
741.0	682.0	10790.5752	0.0047
705.0	680.0	10290.7549	0.2546
622.0	654.0	10781.9145	0.0090
644.0	700.0	9410.3937	0.6948
577.0	831.0	10730.8491	0.0346
681.0	815.0	10789.2594	0.0054
579.0	941.0	10784.4744	0.0078
707.0	828.0	10785.2326	0.0074
546.0	914.0	10786.0378	0.0070
669.0	115.0	10751.7970	0.0241
687.0	10.0	10782.6927	0.0087
687.0	91.0	10788.2037	0.0059
632.0	61.0	10785.8074	0.0071
682.0	87.0	10759.2076	0.0204
711.0	149.0	10787.1858	0.0064
756.0	219.0	10625.8231	0.0871
649.0	358.0	9296.8652	0.7516
696.0	382.0	10782.0534	0.0090
693.0	384.0	10782.2543	0.0089
687.0	427.0	10694.1997	0.0529
637.0	468.0	10686.9270	0.0565
700.0	536.0	10718.6948	0.0407
564.0	595.0	10785.7102	0.0071
674.0	591.0	10755.9301	0.0220
737.0	638.0	10782.5623	0.0087
772.0	615.0	10118.6450	0.3407
707.0	775.0	10784.0639	0.0080
670.0	773.0	10011.7845	0.3941
681.0	843.0	10783.8862	0.0081
708.0	808.0	10479.9049	0.1600
742.0	931.0	10789.2889	0.0054
658.0	990.0	10746.6737	0.0267
742.0	91.0	10718.9185	0.0405
786.0	180.0	10520.5896	0.1397
728.0	98.0	10652.6718	0.0737
774.0	194.0	10786.1624	0.0069
811.0	173.0	10687.4142	0.0563
681.0	294.0	10558.5454	0.1207
764.0	326.0	9848.0861	0.4760
743.0	287.0	10604.5628	0.0977
756.0	395.0	10782.0538	0.0090
753.0	478.0	10745.5244	0.0272
786.0	423.0	10783.9958	0.0080
761.0	539.0	10752.8364	0.0236
708.0	561.0	10719.3719	0.0403
820.0	567.0	10681.0419	0.0595
689.0	556.0	9252.0458	0.7740
742.0	553.0	9582.7682	0.6086
784.0	773.0	10783.9919	0.0080
782.0	760.0	10481.8141	0.1591
766.0	778.0	10784.6523	0.0077
755.0	852.0	10785.7338	0.0071
605.0	926.0	10782.2126	0.0089
715.0	910.0	10575.6477	0.1122
620.0	888.0	10751.2860	0.0244
829.0	6.0	10783.2652	0.0084
791.0	74.0	10691.8393	0.0541
834.0	69.0	10789.4690	0.0053
862.0	84.0	10687.9148	0.0560
732.0	144.0	10782.6294	0.0087
789.0	254.0	10381.6746	0.2092
852.0	246.0	10784.8607	0.0076
787.0	453.0	10785.0319	0.0075
717.0	330.0	9635.7948	0.5821
734.0	417.0	10788.6272	0.0057
732.0	492.0	10749.6025	0.0252
889.0	504.0	10781.9696	0.0090
819.0	541.0	10270.2079	0.2649
759.0	600.0	10784.4926	0.0078
858.0	676.0	10760.4954	0.0198
746.0	711.0	10416.5806	0.1917
743.0	672.0	10788.9885	0.0055
767.0	842.0	10785.5445	0.0072
768.0	827.0	10543.6000	0.1282
746.0	938.0	10789.6127	0.0052
832.0	854.0	10783.6512	0.0082
825.0	955.0	10784.2540	0.0079
832.0	914.0	10699.5427	0.0502
887.0	91.0	10783.2085	0.0084
843.0	27.0	10783.6634	0.0082
819.0	89.0	10752.0261	0.0240
923.0	181.0	10750.7900	0.0246
819.0	171.0	10781.8279	0.0091
840.0	230.0	10786.4589	0.0068
899.0	287.0	10646.4676	0.0768
824.0	324.0	10188.5820	0.3057
896.0	350.0	10782.3634	0.0088
914.0	434.0	10725.1698	0.0374
868.0	481.0	10617.5746	0.0912
776.0	585.0	10783.9656	0.0080
840.0	656.0	10306.3496	0.2468
851.0	626.0	10607.4233	0.0963
846.0	534.0	10739.3580	0.0303
827.0	747.0	10788.7486	0.0056
889.0	703.0	10658.9262	0.0705
798.0	827.0	10557.4307	0.1213
884.0	964.0	10750.8925	0.0246
794.0	974.0	10781.7820	0.0091
789.0	940.0	10781.4799	0.0093
777.0	897.0	10594.6511	0.1027
923.0	49.0	10783.7283	0.0081
975.0	76.0	10781.6537	0.0092
886.0	67.0	10785.0405	0.0075
886.0	163.0	10717.9206	0.0410
976.0	205.0	10789.0613	0.0055
872.0	298.0	10787.5193	0.0062
889.0	250.0	10737.2064	0.0314
855.0	273.0	10426.3353	0.1868
952.0	342.0	10786.5824	0.0067
866.0	367.0	10786.0125	0.0070
945.0	482.0	10748.9952	0.0255
978.0	578.0	10784.1184	0.0079
908.0	456.0	10783.6046	0.0082
834.0	546.0	10784.2254	0.0079
894.0	713.0	10782.1360	0.0089
898.0	718.0	10786.8852	0.0066
873.0	763.0	10787.2488	0.0064
880.0	774.0	10630.2212	0.0849
816.0	830.0	10782.9738	0.0085
870.0	939.0	10647.3508	0.0763
953.0	974.0	10784.4985	0.0078
926.0	945.0	10698.2558	0.0509
868.0	975.0	10785.0146	0.0075
928.0	71.0	10785.6363	0.0072
901.0	100.0	10748.4714	0.0258
900.0	157.0	10786.5705	0.0067
851.0	156.0	10561.9215	0.1190
969.0	206.0	10789.2060	0.0054
860.0	206.0	10756.1574	0.0219
944.0	295.0	10752.9018	0.0235
892.0	341.0	10689.5091	0.0552
946.0	375.0	10785.9706	0.0070
953.0	402.0	10784.4536	0.0078
930.0	424.0	10789.0307	0.0055
868.0	512.0	10665.2169	0.0674
873.0	646.0	10790.9386	0.0045
916.0	620.0	10751.1392	0.0244
906.0	585.0	10748.6816	0.0257
950.0	590.0	10758.0446	0.0210
826.0	734.0	10545.2886	0.1274
949.0	705.0	10696.9400	0.0515
976.0	826.0	10790.9860	0.0045
959.0	846.0	10787.2644	0.0064
855.0	864.0	10624.8007	0.0876
844.0	879.0	10783.1882	0.0084
968.0	952.0	10788.7177	0.0056
981.0	147.0	10785.4534	0.0073
915.0	102.0	10785.5423	0.0072
900.0	56.0	10788.7243	0.0056
954.0	138.0	10783.5196	0.0082
939.0	225.0	10679.3541	0.0603
959.0	208.0	10790.0556	0.0050
991.0	263.0	10787.3541	0.0063
965.0	302.0	10784.6321	0.0077
914.0	291.0	10785.2076	0.0074
981.0	417.0	10784.0814	0.0080
892.0	438.0	10713.7610	0.0431
980.0	492.0	10789.7788	0.0051
1000.0	580.0	10788.3568	0.0058
993.0	620.0	10781.3770	0.0093
891.0	600.0	10717.3613	0.0413
976.0	695.0	10790.4638	0.0048
966.0	834.0	10761.7345	0.0191
981.0	760.0	10785.5216	0.0072
955.0	795.0	10648.9471	0.0755
965.0	912.0	10781.8206	0.0091
986.0	972.0	10784.7378	0.0076
979.0	767.0	10784.7994	0.0076
996.0	942.0	10783.7889	0.0081
