500.0 500.0
40.0	103.0	10785.7588	0.0071
15.0	96.0	10787.8518	0.0061
52.0	70.0	10751.1661	0.0244
33.0	108.0	10783.7889	0.0081
128.0	259.0	10357.7556	0.2211
77.0	268.0	10787.3544	0.0063
85.0	285.0	10783.8586	0.0081
54.0	262.0	10782.7292	0.0086
131.0	412.0	10723.3121	0.0383
28.0	408.0	10784.8824	0.0076
62.0	602.0	10626.1799	0.0869
23.0	580.0	10783.6633	0.0082
64.0	453.0	10781.0557	0.0095
37.0	626.0	10789.7063	0.0051
156.0	728.0	10705.0135	0.0475
13.0	646.0	10785.3222	0.0073
76.0	732.0	10784.7228	0.0076
62.0	809.0	10749.1195	0.0254
2.0	792.0	10787.1613	0.0064
59.0	885.0	10782.4852	0.0088
55.0	947.0	10784.2922	0.0079
1.0	870.0	10782.3666	0.0088
126.0	10.0	10783.7208	0.0081
25.0	149.0	10752.4294	0.0238
16.0	185.0	10784.5115	0.0077
72.0	206.0	10716.8829	0.0416
39.0	198.0	10744.5762	0.0277
133.0	189.0	10595.7877	0.1021
91.0	256.0	10727.1682	0.0364
83.0	397.0	10787.2910	0.0064
88.0	385.0	10749.3563	0.0253
112.0	467.0	10785.5473	0.0072
113.0	443.0	10786.2920	0.0069
94.0	568.0	10719.7171	0.0401
41.0	552.0	10786.6766	0.0067
134.0	565.0	10782.8848	0.0086
10.0	567.0	10785.6422	0.0072
46.0	669.0	10753.7258	0.0231
54.0	751.0	10755.5567	0.0222
140.0	797.0	10786.5703	0.0067
141.0	819.0	10715.9248	0.0420
152.0	873.0	10785.3768	0.0073
21.0	972.0	10784.3853	0.0078
75.0	859.0	10747.3805	0.0263
88.0	994.0	10788.0207	0.0060
186.0	50.0	10748.3645	0.0258
40.0	77.0	10783.6745	0.0082
100.0	126.0	10626.1309	0.0869
14.0	136.0	10783.8648	0.0081
81.0	219.0	10757.0674	0.0215
50.0	323.0	10784.5625	0.0077
130.0	358.0	10785.8611	0.0071
123.0	292.0	10600.4038	0.0998
38.0	394.0	10784.9890	0.0075
133.0	333.0	10277.9387	0.2610
171.0	458.0	10570.0442	0.1150
119.0	532.0	10781.6775	0.0092
159.0	540.0	10683.6895	0.0582
137.0	571.0	10781.8785	0.0091
140.0	580.0	10784.5989	0.0077
44.0	752.0	10783.3920	0.0083
118.0	737.0	10725.4490	0.0373
106.0	745.0	10719.4203	0.0403
80.0	794.0	10784.0259	0.0080
76.0	869.0	10784.2479	0.0079
118.0	957.0	10736.7495	0.0316
61.0	970.0	10787.2720	0.0064
88.0	975.0	10750.4791	0.0248
52.0	21.0	10788.3360	0.0058
169.0	124.0	10783.0930	0.0085
155.0	35.0	10784.1175	0.0079
156.0	354.0	10713.5451	0.0432
89.0	201.0	10782.7606	0.0086
195.0	253.0	10718.1180	0.0409
210.0	323.0	10695.9926	0.0520
182.0	346.0	10601.4516	0.0993
103.0	376.0	10752.9833	0.0235
188.0	387.0	10208.8124	0.2956
115.0	467.0	10786.4584	0.0068
186.0	533.0	10761.0362	0.0195
120.0	568.0	10783.2820	0.0084
161.0	563.0	10781.6353	0.0092
111.0	705.0	10736.5687	0.0317
195.0	657.0	10783.9880	0.0080
179.0	753.0	10294.5059	0.2527
116.0	818.0	10709.7060	0.0451
131.0	846.0	10782.8912	0.0086
94.0	887.0	10752.4746	0.0238
132.0	918.0	10618.6835	0.0907
208.0	987.0	10785.7657	0.0071
189.0	19.0	10783.0197	0.0085
249.0	141.0	10787.1220	0.0064
248.0	84.0	10747.3039	0.0263
199.0	73.0	10787.1714	0.0064
141.0	168.0	10782.7709	0.0086
200.0	260.0	10721.4545	0.0393
221.0	178.0	10746.6511	0.0267
247.0	314.0	10693.6256	0.0532
121.0	336.0	10752.9619	0.0235
171.0	388.0	10671.9251	0.0640
222.0	351.0	10790.7097	0.0046
190.0	511.0	10761.1592	0.0194
191.0	580.0	10782.6138	0.0087
222.0	584.0	10754.2925	0.0229
131.0	598.0	10576.6493	0.1117
198.0	689.0	10170.1452	0.3149
210.0	587.0	10446.3046	0.1768
252.0	855.0	10620.0905	0.0900
154.0	808.0	10667.5850	0.0662
161.0	840.0	10787.5310	0.0062
207.0	926.0	10481.6992	0.1592
277.0	896.0	10450.6298	0.1747
186.0	982.0	10785.8994	0.0071
263.0	16.0	10782.9415	0.0085
247.0	97.0	10623.5492	0.0882
198.0	95.0	10717.7486	0.0411
260.0	146.0	10785.7842	0.0071
241.0	199.0	10597.3011	0.1013
199.0	214.0	10761.4119	0.0193
230.0	328.0	10787.5736	0.0062
227.0	382.0	10101.4400	0.3493
297.0	392.0	10121.3495	0.3393
232.0	451.0	10177.7632	0.3111
226.0	475.0	10785.2037	0.0074
204.0	493.0	10790.2442	0.0049
309.0	451.0	9331.0252	0.7345
237.0	642.0	10110.9531	0.3445
178.0	593.0	10782.3350	0.0088
290.0	691.0	10785.6921	0.0072
291.0	757.0	10784.0084	0.0080
296.0	674.0	9977.3079	0.4113
207.0	841.0	10674.8167	0.0626
349.0	716.0	9997.3330	0.4013
182.0	900.0	10784.9933	0.0075
216.0	972.0	10787.9378	0.0060
305.0	881.0	10787.8262	0.0061
402.0	68.0	10784.1485	0.0079
328.0	31.0	10783.5282	0.0082
307.0	128.0	10506.4536	0.1468
266.0	131.0	10688.5973	0.0557
294.0	119.0	10782.7290	0.0086
296.0	238.0	10575.9805	0.1120
335.0	357.0	10784.0206	0.0080
347.0	330.0	10786.6068	0.0067
330.0	364.0	10623.9986	0.0880
291.0	558.0	10559.0010	0.1205
294.0	478.0	9719.2867	0.5404
230.0	512.0	9871.8067	0.4641
238.0	554.0	10757.2158	0.0214
358.0	585.0	10498.6844	0.1507
217.0	617.0	10785.1526	0.0074
265.0	709.0	10788.1000	0.0060
311.0	766.0	10785.0456	0.0075
370.0	808.0	10754.5481	0.0227
290.0	842.0	10783.0224	0.0085
319.0	834.0	10234.7294	0.2826
162.0	828.0	10783.4980	0.0083
321.0	952.0	10783.7679	0.0081
293.0	982.0	10783.0227	0.0085
226.0	4.0	10787.7224	0.0061
233.0	53.0	10759.4994	0.0203
347.0	54.0	10786.4413	0.0068
382.0	200.0	10790.3969	0.0048
343.0	118.0	10758.3557	0.0208
373.0	292.0	10785.1662	0.0074
344.0	276.0	10553.9095	0.1230
311.0	332.0	10686.7927	0.0566
396.0	395.0	8902.7210	0.9486
361.0	489.0	10784.7875	0.0076
242.0	555.0	10731.6956	0.0342
357.0	492.0	10783.7445	0.0081
281.0	529.0	10788.1896	0.0059
333.0	666.0	10787.9200	0.0060
321.0	648.0	10744.2564	0.0279
353.0	728.0	10783.6061	0.0082
386.0	739.0	10725.3011	0.0373
325.0	865.0	10784.7123	0.0076
320.0	772.0	10171.9997	0.3140
370.0	903.0	10750.1801	0.0249
398.0	910.0	10685.1453	0.0574
383.0	997.0	10782.7268	0.0086
410.0	35.0	10782.2616	0.0089
412.0	27.0	10786.6832	0.0067
420.0	158.0	10721.3915	0.0393
361.0	154.0	10746.1380	0.0269
366.0	218.0	10782.9348	0.0085
416.0	209.0	10723.3047	0.0383
409.0	217.0	10723.9672	0.0380
369.0	318.0	10787.2326	0.0064
303.0	407.0	10788.9564	0.0055
382.0	377.0	10720.1051	0.0399
493.0	448.0	8772.1317	1.0139
387.0	495.0	10785.5470	0.0072
399.0	477.0	10785.9570	0.0070
374.0	561.0	9909.3388	0.4453
449.0	602.0	10789.5470	0.0052
433.0	616.0	10075.3686	0.3623
350.0	630.0	10783.4608	0.0083
372.0	753.0	10784.8102	0.0076
511.0	764.0	10685.5557	0.0572
396.0	836.0	10577.2082	0.1114
415.0	875.0	10630.6048	0.0847
438.0	857.0	10782.4448	0.0088
432.0	948.0	10784.8800	0.0076
514.0	13.0	10786.6680	0.0067
362.0	99.0	10720.0293	0.0400
388.0	137.0	10750.0792	0.0250
369.0	173.0	10364.8472	0.2176
406.0	221.0	10229.9952	0.2850
479.0	233.0	10456.4951	0.1718
472.0	295.0	10434.2908	0.1829
409.0	277.0	9993.5168	0.4032
425.0	331.0	9247.0016	0.7765
441.0	423.0	8733.3121	1.0333
399.0	443.0	10787.1685	0.0064
431.0	487.0	10691.2357	0.0544
443.0	565.0	6138.2564	1.0012
390.0	724.0	10782.4582	0.0088
363.0	639.0	9992.9388	0.4035
426.0	708.0	10476.4584	0.1618
352.0	618.0	10017.5353	0.3912
441.0	700.0	10714.1560	0.0429
452.0	781.0	10510.9714	0.1445
483.0	827.0	10689.5457	0.0552
414.0	806.0	10586.8344	0.1066
377.0	955.0	10788.0843	0.0060
554.0	930.0	10759.9708	0.0200
446.0	125.0	10752.7033	0.0236
535.0	21.0	10782.1447	0.0089
540.0	151.0	10748.4104	0.0258
469.0	190.0	10627.9170	0.0860
499.0	156.0	10712.3249	0.0438
474.0	280.0	10686.6270	0.0567
507.0	222.0	10722.3165	0.0388
356.0	331.0	10483.5217	0.1582
376.0	536.0	10402.8637	0.1986
480.0	437.0	10785.1595	0.0074
450.0	510.0	6250.1052	1.2846
587.0	525.0	6141.1892	1.1567
372.0	495.0	8173.3759	1.3133
481.0	616.0	9204.7757	0.7976
573.0	647.0	10755.9762	0.0220
473.0	684.0	9181.5535	0.8092
461.0	695.0	10766.8003	0.0166
481.0	775.0	10785.7935	0.0071
448.0	790.0	10788.5380	0.0057
357.0	948.0	10757.2775	0.0214
491.0	953.0	10785.8131	0.0071
398.0	944.0	10783.9602	0.0080
440.0	946.0	10717.5818	0.0412
473.0	53.0	10782.2773	0.0089
515.0	70.0	10722.4553	0.0388
418.0	82.0	10747.3886	0.0263
491.0	156.0	10783.7448	0.0081
522.0	139.0	10687.5885	0.0562
575.0	205.0	10788.7806	0.0056
603.0	410.0	10786.6833	0.0067
481.0	344.0	10787.2767	0.0064
542.0	430.0	10486.3228	0.1568
588.0	422.0	6038.1580	1.2237
491.0	447.0	10787.4391	0.0063
536.0	482.0	8284.3757	1.2578
478.0	591.0	10731.6826	0.0342
540.0	633.0	10782.6877	0.0087
532.0	623.0	10784.3371	0.0078
531.0	738.0	10781.5910	0.0092
567.0	773.0	10618.9652	0.0905
533.0	736.0	10029.4911	0.3853
463.0	748.0	10541.7708	0.1291
493.0	894.0	10752.1733	0.0239
450.0	995.0	10787.8184	0.0061
503.0	912.0	10733.8804	0.0331
537.0	5.0	10785.2812	0.0074
521.0	121.0	10789.0777	0.0055
693.0	129.0	10587.3444	0.1063
571.0	118.0	10788.8328	0.0056
638.0	241.0	10783.0785	0.0085
591.0	248.0	10781.9850	0.0090
613.0	291.0	9859.2537	0.4704
501.0	313.0	10783.1280	0.0084
612.0	434.0	10591.0699	0.1045
624.0	436.0	10789.0155	0.0055
577.0	413.0	10789.4994	0.0053
609.0	519.0	9933.1133	0.4334
608.0	564.0	9555.9371	0.6220
527.0	503.0	6366.7634	1.2633
598.0	590.0	10692.0761	0.0540
576.0	626.0	10525.2535	0.1374
587.0	769.0	10784.5813	0.0077
473.0	785.0	10782.7944	0.0086
510.0	785.0	10787.8512	0.0061
578.0	880.0	10587.6530	0.1062
506.0	896.0	10784.1534	0.0079
525.0	986.0	10783.1216	0.0084
543.0	883.0	10616.9958	0.0915
629.0	11.0	10784.1344	0.0079
610.0	38.0	10721.5461	0.0392
626.0	97.0	10673.7126	0.0631
566.0	114.0	10781.0049	0.0095
613.0	216.0	10783.5100	0.0082
612.0	230.0	10784.6435	0.0077
628.0	274.0	10725.4046	0.0373
546.0	241.0	10725.3123	0.0373
596.0	354.0	8660.5065	1.0697
628.0	446.0	10788.5471	0.0057
656.0	457.0	10782.5982	0.0087
626.0	549.0	10407.4539	0.1963
615.0	626.0	9752.1420	0.5239
626.0	632.0	10782.8894	0.0086
633.0	685.0	10784.0903	0.0080
587.0	703.0	10542.4890	0.1288
689.0	851.0	10718.5876	0.0407
640.0	766.0	10748.7390	0.0256
739.0	681.0	10781.2512	0.0094
654.0	860.0	10756.7561	0.0216
656.0	963.0	10787.4736	0.0063
612.0	929.0	10757.0007	0.0215
604.0	992.0	10781.5320	0.0092
625.0	81.0	10759.0088	0.0205
571.0	208.0	10788.9622	0.0055
664.0	114.0	10697.9354	0.0510
678.0	163.0	10754.0541	0.0230
649.0	208.0	10783.3059	0.0083
653.0	203.0	10783.7450	0.0081
669.0	259.0	10754.2251	0.0229
594.0	326.0	10688.9551	0.0555
769.0	288.0	10720.8320	0.0396
649.0	446.0	10202.8101	0.2986
708.0	469.0	10242.1661	0.2789
698.0	567.0	10358.7041	0.2206
736.0	617.0	10695.2300	0.0524
690.0	611.0	10583.0097	0.1085
636.0	658.0	10782.0698	0.0090
614.0	597.0	10480.8355	0.1596
563.0	810.0	10331.9798	0.2340
672.0	757.0	10787.5966	0.0062
597.0	949.0	10784.2097	0.0079
794.0	886.0	10529.0522	0.1355
619.0	947.0	10748.4841	0.0258
534.0	981.0	10783.5310	0.0082
562.0	4.0	10785.0766	0.0075
756.0	61.0	10782.2850	0.0089
710.0	125.0	10753.7376	0.0231
657.0	251.0	10786.8887	0.0066
634.0	241.0	10154.9782	0.3225
582.0	292.0	10013.2320	0.3934
691.0	231.0	10681.9761	0.0590
650.0	296.0	10646.7773	0.0766
671.0	276.0	10040.0895	0.3800
641.0	385.0	10784.8012	0.0076
654.0	400.0	10785.2006	0.0074
669.0	399.0	10627.3717	0.0863
716.0	515.0	10253.7061	0.2731
722.0	554.0	10454.8902	0.1726
733.0	668.0	10623.5027	0.0882
749.0	598.0	10548.8269	0.1256
688.0	624.0	10745.1608	0.0274
595.0	844.0	10716.8330	0.0416
715.0	801.0	10745.5143	0.0272
744.0	918.0	10724.5117	0.0377
695.0	970.0	10781.8668	0.0091
719.0	867.0	10783.7302	0.0081
586.0	955.0	10781.5722	0.0092
695.0	46.0	10782.7676	0.0086
677.0	88.0	10784.0610	0.0080
711.0	225.0	10784.6527	0.0077
820.0	260.0	10207.6174	0.2962
756.0	206.0	10783.4520	0.0083
737.0	218.0	10782.0929	0.0090
720.0	337.0	10710.2601	0.0449
774.0	402.0	10394.0987	0.2030
736.0	372.0	10653.0359	0.0735
762.0	454.0	10787.3977	0.0063
747.0	448.0	10358.9754	0.2205
670.0	502.0	9830.7541	0.4846
670.0	516.0	10785.4384	0.0073
675.0	541.0	10782.2880	0.0089
691.0	649.0	9649.7695	0.5751
789.0	696.0	10754.7890	0.0226
706.0	724.0	9775.8122	0.5121
706.0	807.0	10781.6344	0.0092
732.0	851.0	10421.3877	0.1893
722.0	787.0	9984.5417	0.4077
755.0	885.0	10783.5592	0.0082
656.0	935.0	10783.4188	0.0083
873.0	904.0	10713.7928	0.0431
756.0	114.0	10786.0987	0.0070
842.0	77.0	10785.0874	0.0075
842.0	35.0	10787.2630	0.0064
658.0	169.0	10174.3469	0.3128
760.0	120.0	10627.2110	0.0864
745.0	291.0	10649.1499	0.0754
800.0	277.0	10699.0523	0.0505
824.0	330.0	10784.6508	0.0077
864.0	439.0	10748.9036	0.0255
845.0	395.0	10467.4405	0.1663
835.0	507.0	10599.6341	0.1002
808.0	561.0	10591.9332	0.1040
812.0	558.0	10783.8928	0.0081
863.0	586.0	10636.3188	0.0818
767.0	662.0	10747.2642	0.0264
804.0	658.0	10715.1482	0.0424
760.0	706.0	10734.8331	0.0326
797.0	756.0	10786.6965	0.0067
816.0	758.0	10782.7861	0.0086
847.0	925.0	10570.2956	0.1149
729.0	890.0	10786.4867	0.0068
798.0	974.0	10750.4251	0.0248
794.0	986.0	10791.8472	0.0041
856.0	30.0	10753.1195	0.0234
874.0	88.0	10655.6778	0.0722
875.0	191.0	10787.6992	0.0062
893.0	102.0	10786.7833	0.0066
847.0	175.0	10785.9014	0.0070
842.0	236.0	10728.3191	0.0358
847.0	350.0	10761.7872	0.0191
748.0	290.0	10173.2220	0.3134
751.0	401.0	10788.2666	0.0059
904.0	459.0	10712.4107	0.0438
826.0	342.0	10715.1060	0.0424
856.0	518.0	10677.9642	0.0610
836.0	570.0	10602.0740	0.0990
844.0	636.0	10507.7605	0.1461
890.0	698.0	10581.0835	0.1095
866.0	677.0	10785.6034	0.0072
884.0	806.0	10752.0272	0.0240
837.0	700.0	10780.8513	0.0096
727.0	863.0	10781.6383	0.0092
796.0	804.0	10512.8218	0.1436
880.0	904.0	10783.1828	0.0084
864.0	971.0	10787.7077	0.0061
787.0	52.0	10653.6174	0.0732
904.0	107.0	10786.8711	0.0066
934.0	39.0	10783.4985	0.0083
918.0	120.0	10752.8784	0.0236
910.0	170.0	10788.1709	0.0059
977.0	253.0	10783.1933	0.0084
839.0	207.0	10555.2934	0.1224
843.0	282.0	10782.8024	0.0086
956.0	337.0	10787.2548	0.0064
954.0	412.0	10709.6298	0.0452
915.0	350.0	10784.8711	0.0076
886.0	453.0	10681.0105	0.0595
781.0	538.0	10205.9673	0.2970
771.0	606.0	10492.1529	0.1539
889.0	643.0	10788.6816	0.0057
938.0	603.0	10782.8868	0.0086
900.0	610.0	10747.2121	0.0264
841.0	737.0	10784.4584	0.0078
857.0	685.0	10786.8515	0.0066
986.0	848.0	10783.1632	0.0084
879.0	831.0	10758.2704	0.0209
853.0	946.0	10791.8283	0.0041
910.0	955.0	10720.1451	0.0399
933.0	28.0	10783.5130	0.0082
923.0	66.0	10732.8244	0.0336
960.0	205.0	10789.5724	0.0052
894.0	160.0	10559.1807	0.1204
1000.0	203.0	10783.9806	0.0080
944.0	169.0	10747.6678	0.0262
870.0	279.0	10781.5051	0.0092
903.0	356.0	10626.6107	0.0867
905.0	335.0	10783.3360	0.0083
915.0	422.0	10783.5038	0.0082
908.0	456.0	10788.0643	0.0060
978.0	461.0	10781.4294	0.0093
924.0	581.0	10754.5880	0.0227
979.0	613.0	10780.5150	0.0097
919.0	571.0	10786.2545	0.0069
946.0	666.0	10753.8588	0.0231
974.0	724.0	10785.5462	0.0072
922.0	823.0	10750.7162	0.0246
950.0	812.0	10788.0362	0.0060
826.0	843.0	10590.4561	0.1048
931.0	953.0	10747.3555	0.0263
993.0	949.0	10784.8317	0.0076
884.0	915.0	10763.5957	0.0182
966.0	12.0	10785.0791	0.0075
979.0	52.0	10787.4020	0.0063
980.0	78.0	10783.4515	0.0083
999.0	255.0	10785.5264	0.0072
918.0	190.0	10710.2666	0.0449
878.0	206.0	10542.8829	0.1286
876.0	325.0	10783.3175	0.0083
966.0	328.0	10753.4625	0.0233
998.0	370.0	10785.3840	0.0073
959.0	304.0	10748.8418	0.0256
1000.0	435.0	10787.0035	0.0065
953.0	514.0	10783.1516	0.0084
931.0	548.0	10783.0438	0.0085
982.0	623.0	10782.7419	0.0086
965.0	623.0	10784.8271	0.0076
895.0	621.0	10683.1218	0.0584
990.0	752.0	10785.9630	0.0070
931.0	756.0	10625.1716	0.0874
984.0	789.0	10786.4750	0.0068
970.0	935.0	10785.2400	0.0074
913.0	866.0	10784.5545	0.0077
944.0	956.0	10783.9616	0.0080
983.0	956.0	10783.1001	0.0084
