250.0 250.0
62.0 19.0 0.0318 10704.4766
92.0 10.0 0.0337 10698.7565
133.0 26.0 0.0282 10715.5386
168.0 25.0 0.0343 10697.1274
204.0 18.0 0.0347 10695.7594
238.0 12.0 0.0369 10689.2717
266.0 25.0 0.0344 10696.9240
311.0 21.0 0.0305 10708.4291
346.0 22.0 0.0337 10698.7745
380.0 26.0 0.0352 10694.3568
408.0 21.0 0.0344 10696.6559
455.0 20.0 0.0331 10700.7770
13.0 62.0 0.0370 10688.9456
44.0 51.0 0.0267 10720.0235
85.0 44.0 0.0373 10688.0934
124.0 63.0 0.0383 10685.0874
164.0 44.0 0.1114 10465.8077
191.0 51.0 0.0350 10694.9910
228.0 61.0 0.0263 10721.2249
268.0 47.0 0.0348 10695.7300
314.0 44.0 0.0357 10692.8298
343.0 60.0 0.0314 10705.9383
383.0 59.0 0.0380 10686.0547
402.0 61.0 0.0312 10706.2969
440.0 57.0 0.0402 10679.3457
472.0 58.0 0.0301 10709.7289
11.0 80.0 0.0405 10678.5905
47.0 84.0 0.0356 10693.2234
95.0 88.0 0.2987 9903.9812
126.0 99.0 0.0292 10712.5289
159.0 88.0 0.1643 10307.0630
205.0 96.0 0.1777 10266.7588
230.0 96.0 0.2164 10150.9003
277.0 85.0 0.0955 10513.6239
302.0 89.0 0.1002 10499.4389
340.0 99.0 0.1495 10351.5443
367.0 90.0 0.0861 10541.7126
412.0 85.0 0.1796 10261.1216
446.0 79.0 0.0334 10699.6663
492.0 85.0 0.0367 10689.8750
13.0 123.0 0.0317 10704.8060
60.0 122.0 0.0275 10717.6224
98.0 127.0 0.0363 10691.0605
133.0 121.0 0.0977 10506.8920
153.0 122.0 0.0370 10689.0615
187.0 131.0 0.2350 10094.8770
235.0 121.0 0.2267 10119.9232
270.0 115.0 0.1011 10496.6475
312.0 117.0 0.0357 10692.9742
336.0 132.0 0.3323 9803.2226
383.0 126.0 0.1688 10293.5046
405.0 127.0 0.1538 10338.5902
439.0 120.0 0.0886 10534.1082
491.0 124.0 0.0364 10690.7864
22.0 169.0 0.0296 10711.0890
63.0 153.0 0.1031 10490.7879
78.0 159.0 0.1507 10347.7812
117.0 152.0 0.1087 10473.9019
150.0 151.0 0.3124 9862.8439
204.0 156.0 0.3637 9708.9071
231.0 151.0 0.0337 10698.9213
264.0 162.0 0.5098 7026.6468
311.0 163.0 0.2197 10140.8528
347.0 153.0 0.1649 10305.3887
378.0 151.0 0.2919 9924.2641
402.0 159.0 0.0340 10697.9602
456.0 164.0 0.0961 10511.6315
482.0 158.0 0.0360 10691.8956
9.0 200.0 0.0389 10683.4476
52.0 196.0 0.0388 10683.5522
87.0 195.0 0.1077 10476.9444
129.0 206.0 0.4037 9588.8266
168.0 206.0 0.0329 10701.2490
193.0 198.0 0.5985 9004.5043
240.0 196.0 0.2408 10077.5663
260.0 197.0 0.3465 9760.6268
313.0 199.0 0.7222 7022.5474
331.0 192.0 0.2675 9997.4780
370.0 192.0 0.2070 10178.8903
408.0 198.0 0.0997 10500.8102
448.0 206.0 0.0340 10698.0979
476.0 204.0 0.0291 10712.6933
7.0 227.0 0.0367 10690.0382
53.0 227.0 0.0407 10677.9835
91.0 234.0 0.1586 10324.0615
134.0 230.0 0.0998 10500.5189
168.0 231.0 0.6328 8901.6782
199.0 231.0 0.4033 9590.0919
240.0 231.0 0.3863 9641.1438
273.0 229.0 0.4502 9449.4015
310.0 226.0 0.4299 9510.2179
332.0 229.0 0.5017 9294.8021
370.0 223.0 0.2192 10142.2618
414.0 232.0 0.1014 10495.7325
441.0 235.0 0.0299 10710.3313
480.0 225.0 0.0358 10692.7045
9.0 267.0 0.0368 10689.4770
61.0 266.0 0.0311 10706.6258
94.0 268.0 0.2321 10103.7148
134.0 266.0 0.1492 10352.3278
152.0 269.0 0.2330 10101.0637
204.0 273.0 0.7108 8667.5815
234.0 267.0 0.7169 8649.2546
273.0 271.0 0.4974 9307.7772
307.0 268.0 0.6907 8728.0056
337.0 271.0 0.2492 10052.2785
382.0 276.0 0.0940 10517.8973
403.0 260.0 0.1578 10326.5264
450.0 261.0 0.0383 10685.1436
492.0 259.0 0.0395 10681.4151
20.0 304.0 0.0354 10693.6753
49.0 310.0 0.0308 10707.4607
78.0 301.0 0.1654 10303.7100
122.0 302.0 0.1735 10279.4054
162.0 301.0 0.3538 9738.7072
201.0 295.0 0.3192 9842.2701
230.0 302.0 0.1322 10403.4024
259.0 296.0 0.3797 9661.0224
303.0 294.0 0.5052 9284.5233
339.0 307.0 0.2177 10146.9863
380.0 305.0 0.0998 10500.6269
421.0 296.0 0.1735 10279.4324
452.0 306.0 0.0324 10702.8000
485.0 304.0 0.0271 10718.6958
13.0 349.0 0.0350 10695.1322
60.0 342.0 0.0315 10705.5445
87.0 341.0 0.1027 10491.8215
135.0 337.0 0.2864 9940.6582
158.0 334.0 0.2837 9948.9678
195.0 338.0 0.2928 9921.6049
227.0 331.0 0.3033 9890.1928
276.0 336.0 0.3932 9620.2806
312.0 340.0 0.3537 9738.8418
339.0 349.0 0.2405 10078.4461
364.0 343.0 0.2873 9938.2023
414.0 329.0 0.0332 10700.5078
448.0 349.0 0.0348 10695.4976
487.0 336.0 0.0329 10701.3084
25.0 373.0 0.0407 10677.8028
56.0 379.0 0.0402 10679.3865
95.0 374.0 0.0946 10516.1746
116.0 373.0 0.1716 10285.0548
156.0 384.0 0.2300 10109.9515
186.0 366.0 0.0951 10514.7685
225.0 364.0 0.0938 10518.4661
271.0 382.0 0.1040 10487.8591
297.0 365.0 0.1605 10318.6274
335.0 371.0 0.1691 10292.5690
369.0 372.0 0.0909 10527.2665
415.0 374.0 0.1623 10312.9771
436.0 381.0 0.1646 10306.0514
491.0 385.0 0.0331 10700.6629
28.0 405.0 0.0377 10687.0082
42.0 418.0 0.0377 10686.9410
92.0 400.0 0.1572 10328.3925
124.0 411.0 0.1021 10493.5968
167.0 415.0 0.0356 10693.1306
193.0 421.0 0.1661 10301.7573
226.0 418.0 0.2420 10073.9271
262.0 421.0 0.1056 10483.2418
312.0 417.0 0.1777 10266.9907
338.0 410.0 0.0318 10704.6891
372.0 404.0 0.2425 10072.3818
416.0 413.0 0.0378 10686.5136
437.0 405.0 0.0322 10703.3687
475.0 407.0 0.0287 10714.0392
28.0 443.0 0.0324 10702.6771
52.0 453.0 0.0409 10677.1830
88.0 453.0 0.0369 10689.2718
134.0 453.0 0.0917 10524.7773
152.0 445.0 0.0364 10690.6585
193.0 457.0 0.0354 10693.8290
229.0 449.0 0.0363 10691.1041
262.0 456.0 0.0314 10705.7471
314.0 441.0 0.0334 10699.8396
331.0 444.0 0.0373 10688.1791
368.0 441.0 0.0969 10509.1558
418.0 454.0 0.0288 10713.5714
446.0 447.0 0.0374 10687.7439
490.0 451.0 0.0388 10683.7319
63.0 487.0 0.0337 10698.9135
86.0 477.0 0.0323 10702.9728
130.0 473.0 0.0350 10695.0831
161.0 492.0 0.0330 10701.0346
194.0 482.0 0.0309 10707.4222
222.0 480.0 0.0267 10719.9410
272.0 488.0 0.0358 10692.5770
295.0 491.0 0.0336 10699.2968
346.0 488.0 0.0340 10697.8834
372.0 480.0 0.0377 10686.9796
405.0 482.0 0.0363 10691.0273
440.0 485.0 0.0369 10689.4171
445.0 20.0 0.0311 10706.6789
36.0 335.0 0.0387 10683.8359
136.0 33.0 0.0386 10684.2624
205.0 319.0 0.2968 9909.4771
37.0 471.0 0.0411 10676.6723
33.0 30.0 0.0371 10688.7119
471.0 101.0 0.0304 10708.9496
467.0 464.0 0.0390 10683.0058
