filename T #1 #2 #3 #4 #5 #6 #7 #8 #9 #10
1.txt 100000.0 102837.91780772687 106625.43241156194 106625.43241156194 106625.43241156194 106625.43241156194 106625.43241156194 106625.43241156194 106625.43241156194 106625.43241156194 106625.43241156194 
10.txt 100000.0 113005.97488659713 113005.97488659713 113005.97488659713 113005.97488659713 113005.97488659713 113005.97488659713 113005.97488659713 113005.97488659713 113005.97488659713 113005.97488659713 
2.txt 100000.0 106032.28040953862 106032.28040953862 106032.28040953862 106032.28040953862 106032.28040953862 106032.28040953862 106032.28040953862 106032.28040953862 106032.28040953862 106032.28040953862 
3.txt 100000.0 141334.25834826796 141334.25834826796 141334.25834826796 141334.25834826796 141334.25834826796 141334.25834826796 141334.25834826796 141334.25834826796 141334.25834826796 141334.25834826796 
4.txt 100000.0 154610.11346977507 154610.11346977507 154610.11346977507 154610.11346977507 154610.11346977507 154610.11346977507 154610.11346977507 154610.11346977507 154610.11346977507 154610.11346977507 
5.txt 100000.0 151151.50736949127 151151.50736949127 151151.50736949127 151151.50736949127 151151.50736949127 151151.50736949127 151151.50736949127 151151.50736949127 151151.50736949127 151151.50736949127 
6.txt 100000.0 105146.05184380406 105146.05184380406 105146.05184380406 105146.05184380406 105146.05184380406 105146.05184380406 105146.05184380406 105146.05184380406 105146.05184380406 105146.05184380406 
7.txt 100000.0 135744.86802296515 135744.86802296515 135744.86802296515 135744.86802296515 135744.86802296515 135744.86802296515 135744.86802296515 135744.86802296515 135744.86802296515 135744.86802296515 
8.txt 100000.0 104964.98963341812 104964.98963341812 104964.98963341812 104964.98963341812 104964.98963341812 104964.98963341812 104964.98963341812 104964.98963341812 104964.98963341812 104964.98963341812 
9.txt 100000.0 210350.8182688163 210350.8182688163 210350.8182688163 210350.8182688163 210350.8182688163 210350.8182688163 210350.8182688163 210350.8182688163 210350.8182688163 210350.8182688163 
1.txt 200000.0 417266.06466226996 461101.4687466561 461101.4687466561 461101.4687466561 461101.4687466561 461101.4687466561 461101.4687466561 461101.4687466561 461101.4687466561 461101.4687466561 
10.txt 200000.0 418338.2327639123 418338.2327639123 418338.2327639123 418338.2327639123 418338.2327639123 418338.2327639123 418338.2327639123 418338.2327639123 418338.2327639123 418338.2327639123 
2.txt 200000.0 455404.22697417723 455404.22697417723 455404.22697417723 455404.22697417723 455404.22697417723 455404.22697417723 455404.22697417723 455404.22697417723 455404.22697417723 455404.22697417723 
3.txt 200000.0 499071.70409434766 499071.70409434766 499071.70409434766 499071.70409434766 499071.70409434766 499071.70409434766 499071.70409434766 499071.70409434766 499071.70409434766 499071.70409434766 
4.txt 200000.0 498729.0673583534 498729.0673583534 498729.0673583534 498729.0673583534 498729.0673583534 498729.0673583534 498729.0673583534 498729.0673583534 498729.0673583534 498729.0673583534 
5.txt 200000.0 510685.8287488969 510685.8287488969 510685.8287488969 510685.8287488969 510685.8287488969 510685.8287488969 510685.8287488969 510685.8287488969 510685.8287488969 510685.8287488969 
6.txt 200000.0 435124.68021158455 435124.68021158455 435124.68021158455 435124.68021158455 435124.68021158455 435124.68021158455 435124.68021158455 435124.68021158455 435124.68021158455 435124.68021158455 
7.txt 200000.0 432112.9466557598 432112.9466557598 432112.9466557598 432112.9466557598 432112.9466557598 432112.9466557598 432112.9466557598 432112.9466557598 432112.9466557598 432112.9466557598 
8.txt 200000.0 417762.43692204717 417762.43692204717 417762.43692204717 417762.43692204717 417762.43692204717 417762.43692204717 417762.43692204717 417762.43692204717 417762.43692204717 417762.43692204717 
9.txt 200000.0 487508.8469207746 487508.8469207746 487508.8469207746 487508.8469207746 487508.8469207746 487508.8469207746 487508.8469207746 487508.8469207746 487508.8469207746 487508.8469207746 
1.txt 300000.0 638853.1709410799 658509.8908884192 658509.8908884192 658509.8908884192 658509.8908884192 658509.8908884192 658509.8908884192 658509.8908884192 658509.8908884192 658509.8908884192 
10.txt 300000.0 652319.0847768764 652319.0847768764 652319.0847768764 652319.0847768764 652319.0847768764 652319.0847768764 652319.0847768764 652319.0847768764 652319.0847768764 652319.0847768764 
2.txt 300000.0 712351.79408934 712351.79408934 712351.79408934 712351.79408934 712351.79408934 712351.79408934 712351.79408934 712351.79408934 712351.79408934 712351.79408934 
3.txt 300000.0 732840.4428852823 732840.4428852823 732840.4428852823 732840.4428852823 732840.4428852823 732840.4428852823 732840.4428852823 732840.4428852823 732840.4428852823 732840.4428852823 
4.txt 300000.0 748575.1977618423 748575.1977618423 748575.1977618423 748575.1977618423 748575.1977618423 748575.1977618423 748575.1977618423 748575.1977618423 748575.1977618423 748575.1977618423 
5.txt 300000.0 817111.3909109547 817111.3909109547 817111.3909109547 817111.3909109547 817111.3909109547 817111.3909109547 817111.3909109547 817111.3909109547 817111.3909109547 817111.3909109547 
6.txt 300000.0 784288.3643879002 784288.3643879002 784288.3643879002 784288.3643879002 784288.3643879002 784288.3643879002 784288.3643879002 784288.3643879002 784288.3643879002 784288.3643879002 
7.txt 300000.0 721963.905517339 721963.905517339 721963.905517339 721963.905517339 721963.905517339 721963.905517339 721963.905517339 721963.905517339 721963.905517339 721963.905517339 
8.txt 300000.0 735727.0413687095 735727.0413687095 735727.0413687095 735727.0413687095 735727.0413687095 735727.0413687095 735727.0413687095 735727.0413687095 735727.0413687095 735727.0413687095 
9.txt 300000.0 856489.5439714742 856489.5439714742 856489.5439714742 856489.5439714742 856489.5439714742 856489.5439714742 856489.5439714742 856489.5439714742 856489.5439714742 856489.5439714742 
1.txt 400000.0 944971.3245303484 950223.3604935844 950223.3604935844 950223.3604935844 950223.3604935844 950223.3604935844 950223.3604935844 950223.3604935844 950223.3604935844 950223.3604935844 
10.txt 400000.0 919662.4689510433 919662.4689510433 919662.4689510433 919662.4689510433 919662.4689510433 919662.4689510433 919662.4689510433 919662.4689510433 919662.4689510433 919662.4689510433 
2.txt 400000.0 993586.5329900159 993586.5329900159 993586.5329900159 993586.5329900159 993586.5329900159 993586.5329900159 993586.5329900159 993586.5329900159 993586.5329900159 993586.5329900159 
3.txt 400000.0 1043322.8178493317 1043322.8178493317 1043322.8178493317 1043322.8178493317 1043322.8178493317 1043322.8178493317 1043322.8178493317 1043322.8178493317 1043322.8178493317 1043322.8178493317 
4.txt 400000.0 1115893.7788010277 1115893.7788010277 1115893.7788010277 1115893.7788010277 1115893.7788010277 1115893.7788010277 1115893.7788010277 1115893.7788010277 1115893.7788010277 1115893.7788010277 
5.txt 400000.0 1100732.3801583024 1100732.3801583024 1100732.3801583024 1100732.3801583024 1100732.3801583024 1100732.3801583024 1100732.3801583024 1100732.3801583024 1100732.3801583024 1100732.3801583024 
6.txt 400000.0 1107823.5998997097 1107823.5998997097 1107823.5998997097 1107823.5998997097 1107823.5998997097 1107823.5998997097 1107823.5998997097 1107823.5998997097 1107823.5998997097 1107823.5998997097 
7.txt 400000.0 988455.8347003984 988455.8347003984 988455.8347003984 988455.8347003984 988455.8347003984 988455.8347003984 988455.8347003984 988455.8347003984 988455.8347003984 988455.8347003984 
8.txt 400000.0 1038631.9932789041 1038631.9932789041 1038631.9932789041 1038631.9932789041 1038631.9932789041 1038631.9932789041 1038631.9932789041 1038631.9932789041 1038631.9932789041 1038631.9932789041 
9.txt 400000.0 1046105.2464337952 1046105.2464337952 1046105.2464337952 1046105.2464337952 1046105.2464337952 1046105.2464337952 1046105.2464337952 1046105.2464337952 1046105.2464337952 1046105.2464337952 
1.txt 500000.0 1298160.2714390855 1196541.6698477655 1196541.6698477655 1196541.6698477655 1196541.6698477655 1196541.6698477655 1196541.6698477655 1196541.6698477655 1196541.6698477655 1196541.6698477655 
10.txt 500000.0 1148320.3006296712 1148320.3006296712 1148320.3006296712 1148320.3006296712 1148320.3006296712 1148320.3006296712 1148320.3006296712 1148320.3006296712 1148320.3006296712 1148320.3006296712 
2.txt 500000.0 1246771.0611066297 1246771.0611066297 1246771.0611066297 1246771.0611066297 1246771.0611066297 1246771.0611066297 1246771.0611066297 1246771.0611066297 1246771.0611066297 1246771.0611066297 
3.txt 500000.0 1331845.8421867138 1331845.8421867138 1331845.8421867138 1331845.8421867138 1331845.8421867138 1331845.8421867138 1331845.8421867138 1331845.8421867138 1331845.8421867138 1331845.8421867138 
4.txt 500000.0 1379995.928806241 1379995.928806241 1379995.928806241 1379995.928806241 1379995.928806241 1379995.928806241 1379995.928806241 1379995.928806241 1379995.928806241 1379995.928806241 
5.txt 500000.0 1371919.1796598618 1371919.1796598618 1371919.1796598618 1371919.1796598618 1371919.1796598618 1371919.1796598618 1371919.1796598618 1371919.1796598618 1371919.1796598618 1371919.1796598618 
6.txt 500000.0 1328240.7092132259 1328240.7092132259 1328240.7092132259 1328240.7092132259 1328240.7092132259 1328240.7092132259 1328240.7092132259 1328240.7092132259 1328240.7092132259 1328240.7092132259 
7.txt 500000.0 1203548.5517157824 1203548.5517157824 1203548.5517157824 1203548.5517157824 1203548.5517157824 1203548.5517157824 1203548.5517157824 1203548.5517157824 1203548.5517157824 1203548.5517157824 
8.txt 500000.0 1194332.4374161358 1194332.4374161358 1194332.4374161358 1194332.4374161358 1194332.4374161358 1194332.4374161358 1194332.4374161358 1194332.4374161358 1194332.4374161358 1194332.4374161358 
9.txt 500000.0 1207307.5510160357 1207307.5510160357 1207307.5510160357 1207307.5510160357 1207307.5510160357 1207307.5510160357 1207307.5510160357 1207307.5510160357 1207307.5510160357 1207307.5510160357 
