250.0 250.0
62.0 19.0 0.0060 10782.0758
92.0 10.0 0.0067 10779.8148
133.0 26.0 0.0059 10782.4070
168.0 25.0 0.0068 10779.5076
204.0 18.0 0.0070 10779.0202
238.0 12.0 0.0073 10778.0386
266.0 25.0 0.0072 10778.5050
311.0 21.0 0.0062 10781.4234
346.0 22.0 0.0068 10779.5264
380.0 26.0 0.0070 10778.8618
408.0 21.0 0.0065 10780.5486
455.0 20.0 0.0069 10779.4467
13.0 62.0 0.0079 10776.2912
44.0 51.0 0.0055 10783.3517
85.0 44.0 0.0077 10776.8144
124.0 63.0 0.0078 10776.6228
164.0 44.0 0.0225 10732.4277
191.0 51.0 0.0065 10780.4469
228.0 61.0 0.0047 10785.8502
268.0 47.0 0.0068 10779.4606
314.0 44.0 0.0070 10778.9684
343.0 60.0 0.0064 10780.8029
383.0 59.0 0.0074 10777.7325
402.0 61.0 0.0062 10781.3170
440.0 57.0 0.0076 10777.1072
472.0 58.0 0.0058 10782.6768
11.0 80.0 0.0086 10774.1329
47.0 84.0 0.0070 10779.0989
95.0 88.0 0.0620 10613.9522
126.0 99.0 0.0056 10783.1217
159.0 88.0 0.0337 10698.9103
205.0 96.0 0.0350 10694.9504
230.0 96.0 0.0442 10667.5435
277.0 85.0 0.0198 10740.4623
302.0 89.0 0.0198 10740.5449
340.0 99.0 0.0301 10709.7050
367.0 90.0 0.0165 10750.4334
412.0 85.0 0.0366 10690.2446
446.0 79.0 0.0064 10780.8633
492.0 85.0 0.0071 10778.6871
13.0 123.0 0.0063 10781.0201
60.0 122.0 0.0050 10785.0322
98.0 127.0 0.0068 10779.4518
133.0 121.0 0.0189 10743.2936
153.0 122.0 0.0075 10777.3767
187.0 131.0 0.0470 10659.0427
235.0 121.0 0.0429 10671.2860
270.0 115.0 0.0198 10740.6776
312.0 117.0 0.0073 10778.1446
336.0 132.0 0.0671 10598.6826
383.0 126.0 0.0326 10702.2362
405.0 127.0 0.0303 10709.0716
439.0 120.0 0.0172 10748.4406
491.0 124.0 0.0074 10777.7702
22.0 169.0 0.0059 10782.1782
63.0 153.0 0.0214 10735.8641
78.0 159.0 0.0295 10711.3776
117.0 152.0 0.0199 10740.2631
150.0 151.0 0.0653 10603.9971
204.0 156.0 0.0728 10581.5224
231.0 151.0 0.0068 10779.6097
264.0 162.0 0.1618 10314.6124
311.0 163.0 0.0444 10666.8320
347.0 153.0 0.0320 10704.1296
378.0 151.0 0.0573 10628.1820
402.0 159.0 0.0069 10779.2537
456.0 164.0 0.0187 10743.8396
482.0 158.0 0.0078 10776.6692
9.0 200.0 0.0071 10778.6138
52.0 196.0 0.0076 10777.3065
87.0 195.0 0.0222 10733.5462
129.0 206.0 0.0800 10560.1029
168.0 206.0 0.0063 10781.2356
193.0 198.0 0.1220 10434.0134
240.0 196.0 0.0483 10655.1509
260.0 197.0 0.0673 10598.1284
313.0 199.0 0.1627 10311.8690
331.0 192.0 0.0525 10642.4078
370.0 192.0 0.0411 10676.7831
408.0 198.0 0.0204 10738.6615
448.0 206.0 0.0068 10779.6651
476.0 204.0 0.0056 10783.2088
7.0 227.0 0.0072 10778.3563
53.0 227.0 0.0079 10776.3630
91.0 234.0 0.0308 10707.7011
134.0 230.0 0.0200 10740.0616
168.0 231.0 0.1279 10416.3997
199.0 231.0 0.0802 10559.4983
240.0 231.0 0.0769 10569.4271
273.0 229.0 0.0893 10532.1674
310.0 226.0 0.0846 10546.1309
332.0 229.0 0.0970 10508.8958
370.0 223.0 0.0445 10666.5992
414.0 232.0 0.0195 10741.5414
441.0 235.0 0.0062 10781.5040
480.0 225.0 0.0067 10779.9216
9.0 267.0 0.0076 10777.2107
61.0 266.0 0.0063 10781.1599
94.0 268.0 0.0478 10656.7113
134.0 266.0 0.0299 10710.2766
152.0 269.0 0.0470 10658.9027
204.0 273.0 0.1429 10371.2027
234.0 267.0 0.1436 10369.3364
273.0 271.0 0.0989 10503.4453
307.0 268.0 0.1370 10389.0324
337.0 271.0 0.0503 10649.2126
382.0 276.0 0.0194 10741.9210
403.0 260.0 0.0306 10708.2257
450.0 261.0 0.0079 10776.3944
492.0 259.0 0.0081 10775.7356
20.0 304.0 0.0074 10777.9157
49.0 310.0 0.0063 10781.0016
78.0 301.0 0.0332 10700.4420
122.0 302.0 0.0352 10694.3920
162.0 301.0 0.0705 10588.5284
201.0 295.0 0.0633 10610.0572
230.0 302.0 0.0265 10720.5853
259.0 296.0 0.0761 10571.7647
303.0 294.0 0.0994 10501.9180
339.0 307.0 0.0428 10671.5012
380.0 305.0 0.0195 10741.5370
421.0 296.0 0.0349 10695.4261
452.0 306.0 0.0068 10779.4800
485.0 304.0 0.0052 10784.2814
13.0 349.0 0.0070 10779.0172
60.0 342.0 0.0063 10781.0755
87.0 341.0 0.0207 10737.8032
135.0 337.0 0.0568 10629.7341
158.0 334.0 0.0561 10631.8370
195.0 338.0 0.0584 10624.9157
227.0 331.0 0.0603 10618.9936
276.0 336.0 0.0801 10559.6685
312.0 340.0 0.0708 10587.4980
339.0 349.0 0.0470 10659.0560
364.0 343.0 0.0561 10631.8015
414.0 329.0 0.0067 10779.7816
448.0 349.0 0.0068 10779.7469
487.0 336.0 0.0067 10779.7533
25.0 373.0 0.0081 10775.7841
56.0 379.0 0.0078 10776.6985
95.0 374.0 0.0183 10745.0566
116.0 373.0 0.0335 10699.4040
156.0 384.0 0.0475 10657.6356
186.0 366.0 0.0188 10743.4572
225.0 364.0 0.0190 10743.1208
271.0 382.0 0.0208 10737.6973
297.0 365.0 0.0315 10705.6472
335.0 371.0 0.0334 10699.8050
369.0 372.0 0.0175 10747.4045
415.0 374.0 0.0318 10704.4547
436.0 381.0 0.0323 10703.2311
491.0 385.0 0.0063 10781.0828
28.0 405.0 0.0074 10777.8645
42.0 418.0 0.0073 10778.0982
92.0 400.0 0.0314 10705.7322
124.0 411.0 0.0202 10739.3808
167.0 415.0 0.0069 10779.3383
193.0 421.0 0.0336 10699.3227
226.0 418.0 0.0486 10654.3212
262.0 421.0 0.0214 10735.6726
312.0 417.0 0.0360 10691.8682
338.0 410.0 0.0066 10780.3286
372.0 404.0 0.0482 10655.3210
416.0 413.0 0.0071 10778.5732
437.0 405.0 0.0062 10781.4451
475.0 407.0 0.0057 10782.7923
28.0 443.0 0.0063 10781.1308
52.0 453.0 0.0078 10776.5497
88.0 453.0 0.0072 10778.5074
134.0 453.0 0.0189 10743.2837
152.0 445.0 0.0070 10778.9747
193.0 457.0 0.0072 10778.2885
229.0 449.0 0.0072 10778.4069
262.0 456.0 0.0062 10781.4619
314.0 441.0 0.0063 10781.0567
331.0 444.0 0.0075 10777.4870
368.0 441.0 0.0193 10742.0554
418.0 454.0 0.0058 10782.6527
446.0 447.0 0.0072 10778.4559
490.0 451.0 0.0076 10777.3262
63.0 487.0 0.0069 10779.3975
86.0 477.0 0.0065 10780.4736
130.0 473.0 0.0075 10777.3544
161.0 492.0 0.0063 10781.2338
194.0 482.0 0.0064 10780.6910
222.0 480.0 0.0055 10783.4141
272.0 488.0 0.0066 10780.1496
295.0 491.0 0.0067 10779.8682
346.0 488.0 0.0066 10780.1141
372.0 480.0 0.0076 10777.1747
405.0 482.0 0.0074 10777.7478
440.0 485.0 0.0075 10777.5053
445.0 20.0 0.0062 10781.2698
36.0 335.0 0.0080 10775.8924
136.0 33.0 0.0072 10778.2672
205.0 319.0 0.0609 10617.4374
37.0 471.0 0.0085 10774.4301
33.0 30.0 0.0079 10776.2676
471.0 101.0 0.0057 10782.8653
467.0 464.0 0.0077 10776.8926
