250.0 250.0
17.0 23.0 0.0059 10782.4349
56.0 19.0 0.0066 10780.1692
85.0 12.0 0.0060 10782.1434
120.0 16.0 0.0071 10778.5564
140.0 13.0 0.0074 10777.8835
188.0 11.0 0.0068 10779.5848
224.0 12.0 0.0059 10782.2112
257.0 11.0 0.0068 10779.6719
280.0 24.0 0.0079 10776.3547
306.0 24.0 0.0072 10778.3795
359.0 22.0 0.0056 10783.1665
388.0 23.0 0.0072 10778.3107
407.0 9.0 0.0067 10779.9116
458.0 17.0 0.0066 10780.2648
484.0 8.0 0.0075 10777.5641
21.0 43.0 0.0072 10778.5143
56.0 54.0 0.0078 10776.6012
78.0 42.0 0.0078 10776.7463
119.0 59.0 0.0071 10778.6581
154.0 45.0 0.0065 10780.3687
180.0 53.0 0.0062 10781.3219
222.0 41.0 0.0074 10777.7605
246.0 51.0 0.0066 10780.1532
283.0 47.0 0.0069 10779.3594
308.0 43.0 0.0052 10784.3896
341.0 50.0 0.0059 10782.3506
381.0 44.0 0.0080 10775.9346
424.0 50.0 0.0067 10779.8415
458.0 54.0 0.0073 10778.1481
477.0 53.0 0.0060 10782.0853
18.0 74.0 0.0063 10781.0506
55.0 84.0 0.0193 10742.0256
83.0 90.0 0.0074 10777.7999
115.0 73.0 0.0331 10700.6839
159.0 88.0 0.0219 10734.3820
177.0 91.0 0.0338 10698.5465
210.0 75.0 0.0073 10778.1672
248.0 80.0 0.0178 10746.5650
273.0 91.0 0.0164 10750.7305
323.0 77.0 0.0067 10779.9390
340.0 86.0 0.0333 10700.1353
392.0 88.0 0.0420 10674.0135
408.0 74.0 0.0353 10694.0483
446.0 84.0 0.0180 10746.0944
478.0 79.0 0.0071 10778.6958
8.0 117.0 0.0082 10775.5070
41.0 126.0 0.0055 10783.6214
74.0 119.0 0.0065 10780.3724
112.0 122.0 0.0331 10700.6271
141.0 125.0 0.0081 10775.7725
191.0 112.0 0.0305 10708.6382
210.0 122.0 0.0422 10673.2763
246.0 110.0 0.0061 10781.6952
273.0 126.0 0.0326 10702.1115
309.0 108.0 0.0586 10624.0567
353.0 126.0 0.0173 10748.0756
389.0 120.0 0.0508 10647.4807
406.0 117.0 0.0203 10739.1638
451.0 123.0 0.0077 10776.9916
488.0 120.0 0.0057 10783.0077
20.0 158.0 0.0068 10779.5791
49.0 142.0 0.0065 10780.5503
89.0 148.0 0.0218 10734.7103
107.0 144.0 0.0497 10650.8801
145.0 150.0 0.1333 10400.1361
185.0 152.0 0.0503 10649.1635
209.0 141.0 0.0077 10776.7930
254.0 151.0 0.0527 10641.8346
284.0 145.0 0.0602 10619.2850
321.0 155.0 0.0055 10783.6013
350.0 141.0 0.0978 10506.7458
377.0 144.0 0.0058 10782.6295
424.0 145.0 0.0492 10652.3588
443.0 147.0 0.0054 10783.6674
486.0 149.0 0.0069 10779.4357
10.0 177.0 0.0070 10779.0734
43.0 185.0 0.0073 10778.1745
84.0 175.0 0.0066 10780.1184
112.0 189.0 0.0213 10736.1781
147.0 188.0 0.0058 10782.5251
192.0 175.0 0.0406 10678.2621
223.0 182.0 0.0530 10641.0960
247.0 183.0 0.0637 10609.0174
284.0 185.0 0.1668 10299.4689
322.0 178.0 0.1031 10490.6975
346.0 188.0 0.0644 10606.9150
392.0 189.0 0.0305 10708.4008
414.0 186.0 0.0280 10716.1096
459.0 183.0 0.0072 10778.5006
484.0 177.0 0.0060 10781.9144
7.0 215.0 0.0066 10780.1185
57.0 217.0 0.0054 10783.6828
82.0 207.0 0.0875 10537.4190
124.0 207.0 0.0188 10743.6163
159.0 206.0 0.0201 10739.6613
193.0 225.0 0.1414 10375.6824
214.0 221.0 0.0467 10659.8485
243.0 219.0 0.3684 9694.7305
280.0 208.0 0.0769 10569.3469
324.0 220.0 0.0577 10626.9110
355.0 211.0 0.0454 10663.7729
387.0 224.0 0.0310 10707.0003
425.0 224.0 0.0079 10776.3428
452.0 213.0 0.0068 10779.5646
487.0 216.0 0.0066 10780.3440
23.0 241.0 0.0058 10782.6149
44.0 241.0 0.0066 10780.3215
73.0 258.0 0.0197 10740.8194
118.0 247.0 0.0411 10676.7797
141.0 256.0 0.0065 10780.5122
188.0 246.0 0.1297 10410.8731
212.0 251.0 0.1238 10428.5921
255.0 257.0 0.1767 10269.9417
281.0 250.0 0.2472 10058.4111
317.0 246.0 0.1695 10291.5911
342.0 246.0 0.0654 10603.8434
379.0 245.0 0.0388 10683.6083
420.0 246.0 0.0205 10738.4731
457.0 243.0 0.0063 10781.0617
475.0 240.0 0.0083 10775.1715
14.0 274.0 0.0050 10785.0772
45.0 280.0 0.0067 10779.9500
75.0 291.0 0.0063 10781.1800
117.0 292.0 0.0611 10616.6599
152.0 283.0 0.0759 10572.3815
183.0 288.0 0.0695 10591.4425
219.0 284.0 0.0049 10785.3390
250.0 284.0 0.2235 10129.5882
284.0 277.0 0.0533 10640.2341
309.0 289.0 0.1137 10459.0041
358.0 281.0 0.0073 10778.1224
392.0 279.0 0.0204 10738.6810
425.0 280.0 0.0083 10775.0502
454.0 284.0 0.0072 10778.3315
478.0 291.0 0.0078 10776.5753
17.0 323.0 0.0065 10780.5610
54.0 318.0 0.0054 10783.6807
92.0 326.0 0.0309 10707.1849
112.0 314.0 0.0192 10742.4158
154.0 314.0 0.0356 10693.0525
173.0 322.0 0.0334 10699.8041
220.0 325.0 0.0193 10742.0991
256.0 321.0 0.2075 10177.4646
285.0 317.0 0.0185 10744.4782
322.0 321.0 0.0873 10538.0980
352.0 315.0 0.0303 10709.1303
390.0 307.0 0.0072 10778.5119
409.0 320.0 0.0355 10693.4491
447.0 309.0 0.0073 10778.1390
492.0 324.0 0.0075 10777.6186
10.0 351.0 0.0072 10778.5127
45.0 352.0 0.0067 10779.9270
77.0 355.0 0.0225 10732.6211
124.0 358.0 0.1001 10499.8007
152.0 353.0 0.0300 10710.1268
192.0 342.0 0.0068 10779.4995
208.0 343.0 0.1847 10245.8792
247.0 346.0 0.0633 10609.9826
284.0 340.0 0.1162 10451.4933
317.0 344.0 0.0368 10689.7183
359.0 348.0 0.0690 10592.8727
375.0 340.0 0.0204 10738.7053
411.0 355.0 0.0176 10747.3197
454.0 349.0 0.0072 10778.3353
490.0 359.0 0.0079 10776.3090
26.0 389.0 0.0057 10783.0464
49.0 380.0 0.0067 10779.8261
85.0 376.0 0.0376 10687.2073
120.0 381.0 0.0187 10743.9069
150.0 392.0 0.0309 10707.3549
186.0 391.0 0.0063 10781.2466
208.0 392.0 0.0074 10777.9271
250.0 386.0 0.0389 10683.2248
291.0 382.0 0.0302 10709.4194
313.0 384.0 0.0192 10742.4141
350.0 375.0 0.0072 10778.4980
380.0 376.0 0.0330 10701.1472
418.0 384.0 0.0347 10695.8473
450.0 377.0 0.0075 10777.5952
484.0 382.0 0.0066 10780.3168
10.0 421.0 0.0075 10777.4830
56.0 424.0 0.0062 10781.2622
76.0 422.0 0.0072 10778.5224
120.0 418.0 0.0182 10745.4765
154.0 425.0 0.0063 10781.2124
179.0 426.0 0.0075 10777.5796
220.0 419.0 0.0189 10743.2631
254.0 419.0 0.0186 10744.2611
291.0 426.0 0.0075 10777.5492
311.0 415.0 0.0457 10663.0350
351.0 422.0 0.0071 10778.5555
386.0 410.0 0.0294 10711.6938
412.0 420.0 0.0215 10735.6313
440.0 423.0 0.0192 10742.3861
484.0 425.0 0.0066 10780.1334
24.0 448.0 0.0055 10783.3758
47.0 443.0 0.0072 10778.4839
87.0 456.0 0.0081 10775.6182
109.0 455.0 0.0060 10781.8524
150.0 446.0 0.0072 10778.4887
188.0 459.0 0.0072 10778.4505
223.0 459.0 0.0066 10780.1398
255.0 446.0 0.0049 10785.2685
283.0 458.0 0.0063 10781.1065
322.0 454.0 0.0066 10780.2956
345.0 452.0 0.0077 10777.0156
378.0 441.0 0.0069 10779.1934
409.0 454.0 0.0073 10778.1989
444.0 440.0 0.0061 10781.8055
483.0 442.0 0.0073 10778.0951
17.0 479.0 0.0081 10775.6684
47.0 488.0 0.0059 10782.3705
75.0 479.0 0.0065 10780.4853
111.0 476.0 0.0058 10782.5472
158.0 490.0 0.0068 10779.5179
190.0 492.0 0.0066 10780.1471
224.0 485.0 0.0073 10778.2017
241.0 478.0 0.0070 10778.8759
280.0 484.0 0.0059 10782.2970
324.0 480.0 0.0055 10783.3538
346.0 480.0 0.0062 10781.3572
375.0 478.0 0.0088 10773.7344
409.0 492.0 0.0070 10778.8758
459.0 489.0 0.0070 10778.8849
486.0 486.0 0.0066 10780.1800
168.0 210.0 0.1547 10335.8815
490.0 104.0 0.0067 10779.9568
387.0 302.0 0.0643 10607.0996
17.0 176.0 0.0057 10782.7653
233.0 396.0 0.0309 10707.3623
170.0 163.0 0.0327 10701.8720
192.0 107.0 0.0064 10780.7209
76.0 127.0 0.0182 10745.3374
149.0 410.0 0.0342 10697.4311
20.0 169.0 0.0057 10782.7985
207.0 161.0 0.0421 10673.8238
73.0 399.0 0.0165 10750.5901
423.0 4.0 0.0086 10774.0905
356.0 182.0 0.0320 10704.0257
310.0 425.0 0.0076 10777.1268
352.0 409.0 0.0065 10780.5212
211.0 384.0 0.0448 10665.5712
361.0 314.0 0.0206 10738.1272
79.0 101.0 0.0202 10739.2607
168.0 57.0 0.0066 10780.1758
446.0 36.0 0.0063 10780.9690
87.0 426.0 0.0317 10704.8577
373.0 153.0 0.0071 10778.7882
142.0 253.0 0.0059 10782.2916
357.0 387.0 0.0205 10738.6382
