250.0 250.0
13.0 7.0 0.0060 10782.0982
44.0 19.0 0.0067 10779.8912
55.0 8.0 0.0067 10779.7844
93.0 18.0 0.0071 10778.5580
117.0 17.0 0.0085 10774.6426
142.0 15.0 0.0066 10780.3034
166.0 6.0 0.0080 10776.1005
188.0 13.0 0.0070 10778.8661
210.0 9.0 0.0068 10779.5074
235.0 6.0 0.0077 10776.8215
264.0 16.0 0.0076 10777.1890
285.0 6.0 0.0074 10777.8644
307.0 9.0 0.0076 10777.1455
342.0 13.0 0.0065 10780.5927
366.0 8.0 0.0069 10779.3103
391.0 9.0 0.0073 10778.0491
406.0 13.0 0.0074 10777.8373
432.0 15.0 0.0070 10778.8551
467.0 18.0 0.0067 10779.8010
494.0 11.0 0.0062 10781.4085
18.0 32.0 0.0071 10778.8208
35.0 41.0 0.0079 10776.4100
67.0 41.0 0.0072 10778.4990
85.0 35.0 0.0069 10779.4281
116.0 32.0 0.0060 10782.0624
138.0 37.0 0.0072 10778.3577
168.0 44.0 0.0080 10776.0481
187.0 44.0 0.0076 10777.1244
214.0 37.0 0.0074 10777.7052
231.0 39.0 0.0062 10781.4510
256.0 37.0 0.0064 10780.9185
280.0 40.0 0.0070 10778.9135
318.0 37.0 0.0076 10777.2755
330.0 33.0 0.0080 10776.0693
361.0 31.0 0.0067 10779.7581
386.0 39.0 0.0071 10778.5840
407.0 43.0 0.0072 10778.2589
443.0 33.0 0.0065 10780.5744
466.0 42.0 0.0069 10779.1700
487.0 39.0 0.0070 10779.0740
7.0 67.0 0.0081 10775.5504
36.0 65.0 0.0073 10778.1915
65.0 59.0 0.0208 10737.6261
89.0 67.0 0.0081 10775.7882
107.0 56.0 0.0078 10776.5855
134.0 64.0 0.0071 10778.7033
160.0 58.0 0.0075 10777.3992
181.0 61.0 0.0072 10778.4012
216.0 58.0 0.0087 10773.9461
242.0 68.0 0.0058 10782.5445
259.0 63.0 0.0066 10780.2138
291.0 59.0 0.0079 10776.4013
306.0 56.0 0.0072 10778.5392
341.0 65.0 0.0068 10779.7034
356.0 65.0 0.0073 10778.0545
391.0 65.0 0.0195 10741.5803
406.0 55.0 0.0080 10776.1319
434.0 58.0 0.0215 10735.4010
458.0 60.0 0.0079 10776.2228
491.0 66.0 0.0080 10776.0436
13.0 80.0 0.0074 10777.7467
43.0 94.0 0.0070 10778.8954
59.0 91.0 0.0075 10777.6431
88.0 82.0 0.0459 10662.1681
106.0 90.0 0.0195 10741.6373
131.0 90.0 0.0204 10738.8081
166.0 92.0 0.0630 10610.9894
188.0 94.0 0.0084 10774.8929
219.0 92.0 0.0438 10668.5237
232.0 84.0 0.0069 10779.2018
256.0 80.0 0.0078 10776.6837
294.0 94.0 0.0328 10701.6845
318.0 87.0 0.0182 10745.2519
331.0 84.0 0.0206 10738.1154
356.0 81.0 0.0324 10702.7823
394.0 90.0 0.0427 10672.0246
406.0 94.0 0.0205 10738.6448
430.0 91.0 0.0066 10780.1777
461.0 84.0 0.0064 10780.7791
491.0 94.0 0.0077 10776.9117
7.0 118.0 0.0080 10775.8637
39.0 105.0 0.0069 10779.4355
63.0 111.0 0.0077 10776.9780
83.0 118.0 0.0073 10778.2438
115.0 107.0 0.0481 10655.8265
136.0 112.0 0.0327 10701.9935
163.0 118.0 0.0349 10695.2387
194.0 116.0 0.0208 10737.5955
219.0 114.0 0.0191 10742.6603
242.0 111.0 0.0765 10570.4864
255.0 105.0 0.0212 10736.3643
289.0 111.0 0.0358 10692.5721
315.0 111.0 0.0321 10703.6263
341.0 106.0 0.0363 10691.0811
368.0 119.0 0.0492 10652.5141
386.0 108.0 0.0321 10703.7857
412.0 119.0 0.0076 10777.0689
443.0 109.0 0.0191 10742.7140
460.0 105.0 0.0071 10778.7508
493.0 113.0 0.0073 10777.9962
5.0 130.0 0.0074 10777.6547
36.0 144.0 0.0062 10781.2924
59.0 139.0 0.0222 10733.4452
86.0 130.0 0.0198 10740.5132
117.0 135.0 0.0311 10706.8153
135.0 135.0 0.0206 10738.0887
156.0 130.0 0.0727 10581.9519
192.0 141.0 0.0458 10662.6630
211.0 141.0 0.0201 10739.6758
240.0 132.0 0.0071 10778.7391
257.0 137.0 0.0575 10627.4711
283.0 134.0 0.0202 10739.2566
305.0 137.0 0.0773 10568.1200
335.0 136.0 0.0900 10529.9616
367.0 134.0 0.0201 10739.6854
384.0 144.0 0.0202 10739.4035
412.0 136.0 0.0333 10700.1467
430.0 142.0 0.0079 10776.1659
469.0 131.0 0.0078 10776.7114
481.0 144.0 0.0071 10778.8309
15.0 165.0 0.0072 10778.3322
32.0 161.0 0.0078 10776.7231
67.0 162.0 0.0078 10776.6391
92.0 161.0 0.0071 10778.7763
111.0 166.0 0.0192 10742.2671
138.0 157.0 0.0504 10648.8799
167.0 157.0 0.0330 10701.0112
193.0 160.0 0.0069 10779.1548
215.0 166.0 0.0937 10518.9828
238.0 168.0 0.0983 10505.0757
264.0 168.0 0.0475 10657.5456
287.0 157.0 0.1050 10485.0547
306.0 167.0 0.0062 10781.4918
337.0 169.0 0.0843 10547.0362
365.0 159.0 0.0078 10776.7217
391.0 166.0 0.0600 10620.0952
406.0 162.0 0.0072 10778.5041
442.0 155.0 0.0081 10775.6879
456.0 166.0 0.0058 10782.6539
489.0 165.0 0.0072 10778.3310
13.0 189.0 0.0063 10780.9711
42.0 188.0 0.0069 10779.3171
61.0 190.0 0.0358 10692.5390
88.0 181.0 0.0081 10775.8422
119.0 181.0 0.0220 10733.9185
135.0 184.0 0.0462 10661.3332
161.0 181.0 0.0580 10625.8980
180.0 183.0 0.0832 10550.4720
218.0 187.0 0.1128 10461.6847
236.0 185.0 0.0543 10637.0971
268.0 193.0 0.2088 10173.6884
281.0 188.0 0.0519 10644.2220
310.0 190.0 0.1659 10302.2008
331.0 180.0 0.0069 10779.3128
363.0 192.0 0.0487 10653.7764
389.0 182.0 0.0199 10740.3458
409.0 180.0 0.0312 10706.3253
434.0 193.0 0.0058 10782.5871
459.0 181.0 0.0075 10777.5306
485.0 191.0 0.0074 10777.7603
10.0 219.0 0.0075 10777.5708
34.0 210.0 0.0069 10779.4187
61.0 211.0 0.0066 10780.2006
80.0 215.0 0.0346 10696.0558
105.0 217.0 0.0079 10776.1714
142.0 209.0 0.0200 10740.0029
159.0 216.0 0.0202 10739.2932
191.0 216.0 0.0058 10782.5378
212.0 205.0 0.0963 10511.2420
234.0 207.0 0.0772 10568.4891
255.0 210.0 0.1674 10297.8360
288.0 216.0 0.0047 10785.9248
314.0 217.0 0.0299 10710.2921
341.0 209.0 0.0570 10629.0677
368.0 212.0 0.0319 10704.4300
382.0 219.0 0.0442 10667.3866
419.0 206.0 0.0070 10779.1430
438.0 211.0 0.0075 10777.5030
458.0 212.0 0.0077 10776.8920
484.0 214.0 0.0059 10782.2737
5.0 240.0 0.0076 10777.2244
41.0 233.0 0.0070 10779.0039
59.0 234.0 0.0083 10775.0771
91.0 243.0 0.0452 10664.5258
107.0 238.0 0.0349 10695.4125
138.0 234.0 0.0572 10628.5129
162.0 232.0 0.0922 10523.5060
194.0 230.0 0.0386 10684.1428
217.0 239.0 0.1691 10292.5766
242.0 237.0 0.1567 10329.9440
268.0 231.0 0.1530 10340.9996
293.0 237.0 0.1477 10356.8087
306.0 231.0 0.0705 10588.4511
341.0 240.0 0.0206 10738.2355
358.0 242.0 0.0570 10628.8551
391.0 233.0 0.0070 10779.0640
417.0 243.0 0.0459 10662.4223
435.0 238.0 0.0068 10779.6423
469.0 242.0 0.0079 10776.3581
487.0 234.0 0.0058 10782.7129
13.0 266.0 0.0068 10779.5611
35.0 258.0 0.0065 10780.5962
60.0 264.0 0.0073 10778.1269
89.0 269.0 0.0301 10709.6919
112.0 269.0 0.0455 10663.5471
140.0 268.0 0.0479 10656.3300
167.0 266.0 0.0979 10506.3641
192.0 258.0 0.1047 10485.9212
209.0 262.0 0.0838 10548.7105
232.0 265.0 0.1274 10417.7597
256.0 264.0 0.2448 10065.4690
285.0 268.0 0.2025 10192.5196
312.0 269.0 0.1200 10439.9397
335.0 264.0 0.1263 10421.2018
364.0 268.0 0.0189 10743.3169
390.0 256.0 0.0072 10778.2901
419.0 263.0 0.0199 10740.2771
437.0 256.0 0.0065 10780.5571
457.0 264.0 0.0076 10777.2300
490.0 259.0 0.0074 10777.6572
5.0 281.0 0.0070 10779.0160
35.0 292.0 0.0067 10779.8798
62.0 284.0 0.0065 10780.4498
81.0 294.0 0.0327 10701.7645
116.0 289.0 0.0198 10740.5190
137.0 293.0 0.0190 10743.0621
156.0 283.0 0.0975 10507.5816
189.0 293.0 0.0822 10553.3030
218.0 289.0 0.0573 10628.0599
231.0 286.0 0.2131 10160.6212
264.0 291.0 0.0432 10670.3849
284.0 291.0 0.0383 10685.1014
308.0 285.0 0.0525 10642.5626
342.0 281.0 0.0772 10568.3272
365.0 291.0 0.0590 10623.1476
384.0 282.0 0.0427 10672.0297
405.0 280.0 0.0296 10711.2151
438.0 280.0 0.0080 10775.9264
463.0 283.0 0.0064 10780.6638
486.0 280.0 0.0067 10779.8376
13.0 313.0 0.0071 10778.6107
31.0 315.0 0.0074 10777.6514
63.0 315.0 0.0064 10780.8858
86.0 311.0 0.0065 10780.5979
111.0 305.0 0.0187 10743.9659
140.0 317.0 0.0752 10574.4740
157.0 316.0 0.0191 10742.7620
187.0 319.0 0.1209 10437.2684
212.0 309.0 0.0404 10678.7626
231.0 319.0 0.0066 10780.0799
257.0 311.0 0.1178 10446.4648
293.0 310.0 0.1312 10406.4097
313.0 313.0 0.0622 10613.2855
333.0 312.0 0.0054 10783.7746
360.0 305.0 0.0876 10537.3170
381.0 310.0 0.0456 10663.2345
419.0 318.0 0.0474 10657.8355
433.0 313.0 0.0066 10780.1995
465.0 318.0 0.0081 10775.6689
491.0 314.0 0.0072 10778.3636
14.0 341.0 0.0073 10777.9610
34.0 342.0 0.0071 10778.6999
62.0 343.0 0.0202 10739.3632
92.0 338.0 0.0337 10698.8302
113.0 330.0 0.0501 10649.8237
141.0 334.0 0.0080 10775.9841
169.0 339.0 0.0727 10582.0283
185.0 330.0 0.0595 10621.4757
216.0 333.0 0.0362 10691.4227
231.0 337.0 0.1053 10484.0541
257.0 331.0 0.1102 10469.4353
289.0 336.0 0.0334 10699.9170
316.0 330.0 0.0779 10566.3839
341.0 342.0 0.0324 10702.8324
366.0 339.0 0.0204 10738.7088
388.0 338.0 0.0206 10738.0800
407.0 343.0 0.0087 10773.9334
441.0 334.0 0.0075 10777.6285
455.0 334.0 0.0076 10777.1171
481.0 330.0 0.0057 10782.9588
15.0 355.0 0.0085 10774.4402
37.0 357.0 0.0071 10778.6007
64.0 356.0 0.0074 10777.6686
93.0 361.0 0.0064 10780.8274
107.0 369.0 0.0077 10777.0085
132.0 369.0 0.0451 10664.5530
162.0 357.0 0.0484 10654.6695
188.0 365.0 0.0366 10690.1811
207.0 358.0 0.0186 10744.1926
231.0 359.0 0.0426 10672.3283
266.0 364.0 0.0075 10777.6469
284.0 358.0 0.0361 10691.5767
315.0 355.0 0.0444 10666.9375
337.0 367.0 0.0476 10657.0951
359.0 365.0 0.0627 10611.9500
382.0 355.0 0.0063 10781.1912
411.0 366.0 0.0341 10697.6233
436.0 356.0 0.0057 10782.7603
468.0 369.0 0.0079 10776.4152
485.0 363.0 0.0068 10779.7418
18.0 384.0 0.0074 10777.8381
36.0 392.0 0.0065 10780.4601
61.0 391.0 0.0215 10735.3911
86.0 386.0 0.0197 10741.0132
115.0 386.0 0.0080 10776.0497
132.0 387.0 0.0493 10652.1457
168.0 391.0 0.0464 10660.9283
184.0 386.0 0.0321 10703.7987
218.0 386.0 0.0199 10740.4205
235.0 387.0 0.0586 10624.2090
269.0 391.0 0.0073 10778.0202
290.0 383.0 0.0190 10743.0536
317.0 381.0 0.0309 10707.4079
340.0 385.0 0.0223 10733.2050
359.0 386.0 0.0068 10779.5404
385.0 388.0 0.0756 10573.1978
418.0 389.0 0.0221 10733.8108
441.0 392.0 0.0081 10775.8412
467.0 394.0 0.0078 10776.5322
488.0 388.0 0.0064 10780.6892
11.0 408.0 0.0068 10779.4701
44.0 405.0 0.0083 10775.0683
68.0 416.0 0.0073 10778.1135
92.0 411.0 0.0351 10694.5879
116.0 405.0 0.0355 10693.5581
131.0 419.0 0.0209 10737.2446
157.0 411.0 0.0215 10735.4954
184.0 414.0 0.0216 10735.1969
207.0 414.0 0.0328 10701.5668
243.0 409.0 0.0186 10744.2326
265.0 405.0 0.0441 10667.7866
282.0 405.0 0.0196 10741.0676
307.0 406.0 0.0190 10743.1231
342.0 413.0 0.0342 10697.5039
364.0 406.0 0.0230 10731.0778
389.0 409.0 0.0199 10740.1811
418.0 409.0 0.0070 10778.9261
435.0 407.0 0.0210 10737.0757
459.0 419.0 0.0069 10779.2304
483.0 418.0 0.0073 10778.0110
13.0 436.0 0.0070 10778.9398
39.0 440.0 0.0079 10776.3726
62.0 434.0 0.0076 10777.1382
86.0 444.0 0.0220 10733.9766
113.0 434.0 0.0072 10778.5197
141.0 431.0 0.0070 10779.0442
164.0 438.0 0.0066 10780.1965
187.0 438.0 0.0070 10779.0432
217.0 436.0 0.0067 10779.7525
239.0 443.0 0.0071 10778.6688
263.0 435.0 0.0071 10778.7128
285.0 441.0 0.0072 10778.4553
310.0 436.0 0.0073 10777.9853
337.0 441.0 0.0212 10736.4470
358.0 430.0 0.0072 10778.2952
385.0 434.0 0.0329 10701.4499
405.0 433.0 0.0071 10778.7271
436.0 437.0 0.0183 10745.2327
461.0 430.0 0.0077 10776.9264
489.0 443.0 0.0085 10774.4910
6.0 458.0 0.0083 10775.0221
37.0 463.0 0.0064 10780.7736
63.0 463.0 0.0069 10779.3970
90.0 456.0 0.0067 10779.7621
114.0 460.0 0.0211 10736.7870
131.0 468.0 0.0074 10777.7160
159.0 460.0 0.0066 10780.2402
192.0 467.0 0.0071 10778.7566
209.0 467.0 0.0071 10778.7945
244.0 457.0 0.0062 10781.5152
261.0 465.0 0.0072 10778.4086
280.0 461.0 0.0079 10776.4481
315.0 458.0 0.0064 10780.8300
337.0 463.0 0.0072 10778.2738
356.0 457.0 0.0072 10778.2589
380.0 462.0 0.0077 10776.9968
408.0 469.0 0.0077 10776.9148
434.0 461.0 0.0075 10777.5796
458.0 455.0 0.0070 10779.0965
493.0 466.0 0.0070 10779.0580
6.0 483.0 0.0080 10776.0026
35.0 481.0 0.0070 10779.1126
58.0 485.0 0.0071 10778.7367
94.0 494.0 0.0068 10779.6102
115.0 482.0 0.0074 10777.9483
140.0 489.0 0.0077 10776.8375
168.0 484.0 0.0065 10780.5843
191.0 494.0 0.0073 10778.0867
212.0 489.0 0.0071 10778.6402
242.0 484.0 0.0073 10778.2020
264.0 494.0 0.0084 10774.7882
284.0 488.0 0.0073 10778.2440
318.0 482.0 0.0077 10776.9192
332.0 482.0 0.0071 10778.7029
363.0 493.0 0.0068 10779.7282
389.0 491.0 0.0080 10775.9558
408.0 487.0 0.0072 10778.3605
438.0 490.0 0.0067 10779.8612
455.0 485.0 0.0073 10777.9982
480.0 490.0 0.0059 10782.3810
