500.0 500.0
499.0	424.0	10783.1879	0.0084
531.0	505.0	10587.1439	0.1064
509.0	362.0	10584.5820	0.1077
445.0	494.0	10729.9717	0.0350
379.0	551.0	10782.2903	0.0089
351.0	482.0	10523.5149	0.1382
584.0	576.0	9556.1708	0.6219
442.0	507.0	10727.0074	0.0365
505.0	501.0	10693.9099	0.0530
619.0	522.0	10785.3477	0.0073
478.0	432.0	10722.8197	0.0386
433.0	332.0	10783.3922	0.0083
490.0	450.0	10787.1104	0.0064
429.0	563.0	9953.3623	0.4233
450.0	482.0	10758.7180	0.0206
538.0	529.0	10655.6609	0.0722
448.0	378.0	10785.5107	0.0072
424.0	474.0	10229.5456	0.2852
536.0	549.0	9942.3998	0.4288
410.0	487.0	10464.6499	0.1677
613.0	555.0	10782.4608	0.0088
451.0	552.0	10462.1486	0.1689
531.0	425.0	10102.9846	0.3485
469.0	667.0	10337.7414	0.2311
451.0	785.0	10786.5944	0.0067
419.0	405.0	10782.6294	0.0087
507.0	429.0	10782.2012	0.0089
557.0	520.0	10692.8950	0.0536
554.0	466.0	10540.2857	0.1299
461.0	569.0	10540.0437	0.1300
396.0	718.0	10668.1713	0.0659
620.0	423.0	10545.7105	0.1271
703.0	386.0	10782.7760	0.0086
616.0	530.0	10783.2395	0.0084
602.0	661.0	10622.6949	0.0887
510.0	430.0	10784.8000	0.0076
346.0	476.0	10576.1829	0.1119
512.0	802.0	10439.3985	0.1803
382.0	554.0	10782.7056	0.0086
552.0	564.0	10713.7173	0.0431
294.0	509.0	9859.8328	0.4701
578.0	624.0	10745.2367	0.0274
345.0	543.0	10676.8346	0.0616
363.0	481.0	9801.0260	0.4995
581.0	463.0	10782.4521	0.0088
499.0	383.0	10747.6632	0.0262
254.0	498.0	10790.0260	0.0050
642.0	526.0	10785.3523	0.0073
565.0	270.0	10641.4394	0.0793
668.0	461.0	10318.1357	0.2409
524.0	687.0	10786.9832	0.0065
620.0	485.0	10687.3138	0.0563
453.0	767.0	10752.8488	0.0236
542.0	376.0	10574.4992	0.1128
433.0	377.0	10781.6255	0.0092
516.0	568.0	10751.6736	0.0242
495.0	689.0	10782.7507	0.0086
593.0	281.0	10541.1312	0.1294
513.0	495.0	10449.4860	0.1753
215.0	395.0	10751.3110	0.0243
250.0	468.0	10696.7435	0.0516
266.0	448.0	10682.5504	0.0587
171.0	409.0	10784.3188	0.0078
585.0	631.0	10782.5675	0.0087
795.0	354.0	10581.7774	0.1091
697.0	621.0	10785.1427	0.0074
339.0	287.0	10788.8823	0.0056
641.0	534.0	10785.2993	0.0074
317.0	795.0	10784.3015	0.0078
656.0	538.0	10722.8705	0.0386
286.0	566.0	10784.0020	0.0080
450.0	281.0	10783.4240	0.0083
598.0	427.0	10780.7148	0.0096
345.0	558.0	10786.0880	0.0070
471.0	638.0	9899.9939	0.4500
248.0	534.0	10787.0261	0.0065
573.0	341.0	10782.1884	0.0089
481.0	669.0	10785.8986	0.0071
847.0	398.0	10749.3140	0.0253
433.0	754.0	10168.7556	0.3156
537.0	416.0	10755.6361	0.0222
356.0	457.0	10781.5986	0.0092
610.0	264.0	10686.5010	0.0567
420.0	663.0	10516.3777	0.1418
802.0	612.0	10782.9328	0.0085
750.0	415.0	10374.1575	0.2129
880.0	403.0	10690.2514	0.0549
454.0	411.0	9708.9344	0.5455
204.0	403.0	10783.0878	0.0085
453.0	340.0	10783.6115	0.0082
678.0	224.0	10782.4457	0.0088
559.0	435.0	10417.3671	0.1913
581.0	427.0	10781.2634	0.0094
254.0	570.0	10783.1974	0.0084
499.0	240.0	10754.1389	0.0229
227.0	347.0	10632.4029	0.0838
769.0	413.0	10713.2413	0.0434
659.0	691.0	10660.2574	0.0699
560.0	468.0	10784.4476	0.0078
695.0	356.0	10382.5323	0.2087
348.0	525.0	10686.4883	0.0568
556.0	222.0	10714.8961	0.0426
580.0	297.0	10402.7210	0.1986
606.0	590.0	10680.6631	0.0597
340.0	492.0	10783.9612	0.0080
704.0	210.0	10640.4037	0.0798
257.0	516.0	10710.1081	0.0449
266.0	708.0	10781.9839	0.0090
438.0	503.0	9849.6464	0.4752
641.0	666.0	10781.1958	0.0094
608.0	429.0	10783.7833	0.0081
421.0	217.0	10782.4948	0.0088
242.0	674.0	10785.4243	0.0073
578.0	520.0	10239.2690	0.2804
494.0	494.0	10357.3109	0.2213
360.0	472.0	10783.4596	0.0083
745.0	724.0	10621.4016	0.0893
577.0	776.0	10788.0443	0.0060
897.0	586.0	10756.9423	0.0215
184.0	424.0	10782.2941	0.0089
898.0	356.0	10785.9150	0.0070
410.0	563.0	10750.4640	0.0248
227.0	330.0	10786.7250	0.0066
222.0	466.0	10785.3373	0.0073
612.0	747.0	10683.5920	0.0582
663.0	644.0	10781.9127	0.0090
151.0	469.0	10781.3772	0.0093
634.0	555.0	10567.8550	0.1161
365.0	721.0	10711.8028	0.0441
472.0	242.0	10782.7523	0.0086
679.0	386.0	10595.3450	0.1023
596.0	878.0	10591.6264	0.1042
743.0	311.0	10473.0582	0.1635
307.0	293.0	10786.3463	0.0068
508.0	359.0	10781.8774	0.0091
397.0	351.0	10087.9803	0.3560
548.0	161.0	10786.0143	0.0070
468.0	839.0	10784.0950	0.0080
449.0	867.0	10786.9817	0.0065
540.0	603.0	10720.9805	0.0395
403.0	589.0	10517.9495	0.1410
501.0	887.0	10657.2644	0.0714
257.0	578.0	10374.8637	0.2126
130.0	530.0	10711.9343	0.0440
277.0	505.0	10549.1764	0.1254
709.0	765.0	10788.1302	0.0059
346.0	335.0	9970.5609	0.4147
831.0	670.0	10725.9357	0.0370
133.0	340.0	10644.7420	0.0776
626.0	521.0	10783.7951	0.0081
507.0	455.0	10296.7670	0.2516
786.0	205.0	10731.1081	0.0344
478.0	877.0	10610.4611	0.0948
466.0	497.0	9470.9706	0.6645
124.0	483.0	10783.4924	0.0083
428.0	370.0	10782.8932	0.0086
243.0	215.0	10167.8959	0.3161
459.0	245.0	10789.0356	0.0055
781.0	308.0	10785.4984	0.0073
413.0	244.0	10786.9874	0.0065
339.0	479.0	10657.1642	0.0714
271.0	660.0	10787.3446	0.0063
156.0	388.0	10786.3861	0.0068
426.0	429.0	10782.1763	0.0089
811.0	461.0	10519.9748	0.1400
427.0	632.0	10589.5450	0.1052
194.0	237.0	10788.0779	0.0060
545.0	484.0	10129.2348	0.3354
651.0	120.0	10653.5914	0.0732
922.0	329.0	10789.0435	0.0055
950.0	215.0	10753.3472	0.0233
368.0	269.0	10785.0432	0.0075
110.0	280.0	10756.3071	0.0218
610.0	475.0	10235.1477	0.2824
406.0	415.0	10783.9973	0.0080
281.0	521.0	10751.6276	0.0242
528.0	948.0	10721.6756	0.0392
568.0	495.0	10785.2177	0.0074
432.0	473.0	10716.2675	0.0419
971.0	635.0	10791.2136	0.0044
966.0	526.0	10791.2981	0.0044
548.0	348.0	10137.8571	0.3311
250.0	841.0	10786.9938	0.0065
491.0	488.0	10791.7654	0.0041
205.0	333.0	10781.0429	0.0095
650.0	208.0	10783.9161	0.0080
945.0	531.0	10686.0498	0.0570
492.0	696.0	10782.4224	0.0088
340.0	420.0	10783.3153	0.0083
237.0	213.0	10792.0166	0.0040
222.0	628.0	10782.1452	0.0089
807.0	318.0	10720.5852	0.0397
800.0	805.0	10791.5159	0.0042
125.0	650.0	10547.4640	0.1263
326.0	761.0	10787.3312	0.0063
525.0	297.0	10626.7309	0.0866
443.0	969.0	10782.0020	0.0090
661.0	218.0	10784.4528	0.0078
160.0	732.0	10336.7033	0.2316
318.0	239.0	10210.9687	0.2945
444.0	865.0	10699.0239	0.0505
603.0	579.0	10781.9851	0.0090
838.0	361.0	10785.1440	0.0074
730.0	414.0	10784.2605	0.0079
879.0	333.0	10750.6063	0.0247
918.0	158.0	10788.0487	0.0060
612.0	770.0	10765.2630	0.0174
672.0	438.0	10784.4354	0.0078
130.0	732.0	10789.8284	0.0051
476.0	820.0	10097.6691	0.3512
427.0	429.0	10618.3274	0.0908
733.0	558.0	10782.5533	0.0087
350.0	292.0	10117.0104	0.3415
696.0	93.0	10731.9464	0.0340
106.0	485.0	10782.9386	0.0085
737.0	441.0	10498.5104	0.1507
198.0	488.0	10655.6448	0.0722
815.0	482.0	10787.7794	0.0061
79.0	747.0	10685.5333	0.0572
354.0	261.0	10785.0754	0.0075
889.0	251.0	10725.2087	0.0374
198.0	624.0	10419.3627	0.1903
350.0	772.0	10784.0692	0.0080
684.0	935.0	10783.2326	0.0084
493.0	460.0	9034.8368	0.8826
554.0	676.0	10783.2021	0.0084
397.0	433.0	10783.5415	0.0082
191.0	389.0	10754.4712	0.0228
413.0	866.0	10781.8649	0.0091
898.0	90.0	10782.4306	0.0088
676.0	798.0	10783.2040	0.0084
233.0	309.0	10788.8578	0.0056
763.0	724.0	10411.3557	0.1943
733.0	821.0	10785.6566	0.0072
698.0	293.0	10786.2457	0.0069
98.0	812.0	10784.7391	0.0076
201.0	137.0	10742.0346	0.0290
288.0	659.0	10787.9730	0.0060
636.0	563.0	10784.6396	0.0077
96.0	453.0	10781.4780	0.0093
664.0	912.0	10713.5167	0.0432
486.0	432.0	10393.5954	0.2032
73.0	262.0	10753.2325	0.0234
846.0	299.0	10617.6504	0.0912
983.0	366.0	10782.6704	0.0087
342.0	713.0	10756.9321	0.0215
717.0	837.0	10783.8470	0.0081
114.0	186.0	10758.9040	0.0205
542.0	456.0	9975.2080	0.4124
59.0	176.0	10787.8450	0.0061
243.0	613.0	10251.6998	0.2742
281.0	321.0	10244.7449	0.2776
846.0	242.0	10669.5158	0.0652
371.0	384.0	10785.0837	0.0075
969.0	457.0	10783.2815	0.0084
702.0	456.0	10711.4496	0.0443
548.0	665.0	10786.9943	0.0065
49.0	370.0	10784.4655	0.0078
232.0	100.0	10618.1227	0.0909
461.0	493.0	10790.4341	0.0048
366.0	792.0	10781.8894	0.0091
527.0	627.0	10139.0047	0.3305
580.0	359.0	10441.0034	0.1795
119.0	807.0	10436.5052	0.1817
753.0	980.0	10785.9402	0.0070
438.0	405.0	9965.7316	0.4171
925.0	702.0	10725.4800	0.0373
337.0	804.0	10783.3883	0.0083
654.0	610.0	9545.0114	0.6275
177.0	68.0	10752.0245	0.0240
740.0	166.0	10756.0015	0.0220
392.0	480.0	10614.4258	0.0928
417.0	987.0	10665.5634	0.0672
303.0	270.0	10781.9715	0.0090
123.0	303.0	10722.1253	0.0389
535.0	522.0	9640.7294	0.5796
752.0	362.0	10616.4935	0.0918
610.0	586.0	10783.1429	0.0084
571.0	539.0	10782.3110	0.0088
865.0	968.0	7002.0504	0.6106
292.0	672.0	10787.0086	0.0065
529.0	539.0	10787.5435	0.0062
964.0	567.0	10784.1218	0.0079
250.0	367.0	10786.4629	0.0068
492.0	737.0	10359.6773	0.2202
968.0	236.0	10783.3090	0.0083
284.0	299.0	10783.5732	0.0082
230.0	446.0	10652.4980	0.0738
178.0	505.0	10712.7461	0.0436
791.0	255.0	10518.3606	0.1408
125.0	345.0	10782.7007	0.0086
219.0	803.0	10782.5234	0.0087
224.0	148.0	10335.5858	0.2322
874.0	616.0	10656.8398	0.0716
363.0	530.0	10781.6519	0.0092
836.0	581.0	10696.9990	0.0515
339.0	298.0	10781.1400	0.0094
720.0	936.0	10752.9289	0.0235
273.0	18.0	10788.2701	0.0059
867.0	614.0	10785.5788	0.0072
798.0	92.0	10749.2038	0.0254
846.0	620.0	10676.5911	0.0617
686.0	293.0	10782.3190	0.0088
627.0	390.0	10335.8032	0.2321
115.0	529.0	10784.7662	0.0076
869.0	750.0	10788.8330	0.0056
587.0	574.0	10781.8484	0.0091
587.0	828.0	10440.8832	0.1796
368.0	546.0	10782.3786	0.0088
780.0	147.0	10786.6944	0.0067
879.0	495.0	10651.1512	0.0744
993.0	777.0	10790.2165	0.0049
396.0	846.0	10782.9155	0.0085
278.0	572.0	10749.9470	0.0250
388.0	752.0	10717.9729	0.0410
51.0	679.0	10577.2412	0.1114
45.0	726.0	10787.9153	0.0060
229.0	468.0	10679.5548	0.0602
802.0	849.0	10754.0376	0.0230
652.0	870.0	10747.5961	0.0262
51.0	534.0	10781.3584	0.0093
407.0	102.0	10782.1899	0.0089
722.0	570.0	10782.3125	0.0088
858.0	511.0	10724.2633	0.0379
947.0	645.0	10684.0618	0.0580
10.0	75.0	7474.3078	0.7001
278.0	892.0	10783.3152	0.0083
758.0	839.0	10752.6856	0.0237
188.0	384.0	10782.9848	0.0085
990.0	599.0	10786.8035	0.0066
220.0	463.0	10783.6588	0.0082
613.0	441.0	10294.5291	0.2527
212.0	347.0	10618.0428	0.0910
894.0	166.0	10764.1026	0.0179
686.0	544.0	10782.5406	0.0087
470.0	954.0	10614.9994	0.0925
830.0	860.0	10782.7589	0.0086
290.0	582.0	10784.3827	0.0078
525.0	567.0	10716.3568	0.0418
207.0	873.0	10613.5477	0.0932
590.0	416.0	10753.4420	0.0233
491.0	456.0	10761.0733	0.0195
980.0	545.0	10789.8548	0.0051
540.0	954.0	10783.0886	0.0085
682.0	414.0	10321.3098	0.2393
899.0	773.0	10783.3318	0.0083
125.0	642.0	10715.7273	0.0421
184.0	321.0	10670.1528	0.0649
547.0	641.0	10782.0263	0.0090
48.0	759.0	10789.8901	0.0051
149.0	928.0	10788.8102	0.0056
963.0	30.0	7261.1410	0.6130
470.0	879.0	10786.2365	0.0069
586.0	197.0	10782.2080	0.0089
131.0	882.0	10450.1025	0.1749
693.0	500.0	10719.5717	0.0402
625.0	253.0	10608.9583	0.0955
483.0	571.0	9835.4848	0.4823
643.0	940.0	10781.9173	0.0090
335.0	63.0	10787.6055	0.0062
187.0	667.0	10277.3614	0.2613
476.0	998.0	10782.2859	0.0089
565.0	553.0	10780.5119	0.0097
74.0	610.0	10785.9585	0.0070
806.0	786.0	10554.4337	0.1228
704.0	267.0	10783.3800	0.0083
974.0	651.0	10790.9605	0.0045
734.0	103.0	10784.8716	0.0076
803.0	600.0	10409.8100	0.1951
26.0	724.0	10787.6070	0.0062
445.0	346.0	10594.0666	0.1030
634.0	275.0	10725.3760	0.0373
383.0	695.0	10783.1191	0.0084
648.0	592.0	10781.1248	0.0094
401.0	250.0	10787.0393	0.0065
544.0	216.0	10786.0605	0.0070
161.0	255.0	10782.2070	0.0089
149.0	141.0	10682.4487	0.0588
479.0	257.0	10755.3693	0.0223
971.0	146.0	10784.1257	0.0079
909.0	820.0	10786.4867	0.0068
449.0	284.0	10662.9049	0.0685
575.0	422.0	10253.0349	0.2735
862.0	713.0	10758.0068	0.0210
111.0	56.0	10785.1800	0.0074
886.0	197.0	10696.3310	0.0518
548.0	456.0	10786.0291	0.0070
399.0	391.0	10041.4738	0.3793
49.0	254.0	10785.6038	0.0072
365.0	805.0	10786.5925	0.0067
268.0	493.0	10608.2685	0.0959
237.0	976.0	10788.0944	0.0060
456.0	341.0	10783.4009	0.0083
570.0	980.0	10787.7884	0.0061
980.0	746.0	10751.6867	0.0242
121.0	909.0	10765.2238	0.0174
516.0	214.0	10750.4859	0.0248
930.0	945.0	7372.7760	0.5305
605.0	515.0	10783.8822	0.0081
436.0	697.0	9928.6535	0.4357
307.0	752.0	10785.1919	0.0074
66.0	638.0	10785.9290	0.0070
681.0	616.0	10780.8787	0.0096
765.0	491.0	10751.9353	0.0240
476.0	159.0	10784.7155	0.0076
926.0	927.0	7438.8803	0.7934
519.0	967.0	10786.5798	0.0067
340.0	953.0	10732.5140	0.0337
391.0	689.0	10658.7364	0.0706
601.0	955.0	10782.5174	0.0087
495.0	161.0	10781.4485	0.0093
870.0	824.0	10784.0214	0.0080
171.0	473.0	10746.4728	0.0268
726.0	621.0	9623.0794	0.5885
612.0	530.0	10747.4510	0.0263
674.0	213.0	10782.9972	0.0085
748.0	146.0	10714.0492	0.0430
878.0	837.0	10782.2659	0.0089
345.0	463.0	10781.9117	0.0090
773.0	656.0	10141.1518	0.3294
669.0	81.0	10789.2397	0.0054
589.0	618.0	10785.2554	0.0074
509.0	588.0	10783.3469	0.0083
77.0	304.0	10753.5544	0.0232
500.0	915.0	10715.7618	0.0421
896.0	250.0	10752.0388	0.0240
709.0	572.0	10583.0615	0.1085
234.0	332.0	10787.5390	0.0062
497.0	336.0	10788.2861	0.0059
556.0	436.0	10783.1828	0.0084
512.0	203.0	10785.0517	0.0075
540.0	147.0	10782.1987	0.0089
684.0	603.0	10781.3200	0.0093
817.0	423.0	10627.6040	0.0862
208.0	910.0	10789.6551	0.0052
806.0	606.0	10788.4989	0.0058
719.0	25.0	10784.1207	0.0079
492.0	377.0	10781.6081	0.0092
865.0	696.0	10678.8850	0.0606
662.0	245.0	10576.6452	0.1117
75.0	959.0	10784.3836	0.0078
386.0	291.0	10749.3047	0.0253
297.0	645.0	10764.7611	0.0176
796.0	33.0	10785.7113	0.0071
239.0	2.0	10784.1662	0.0079
48.0	779.0	10788.8240	0.0056
373.0	579.0	10110.5307	0.3447
607.0	285.0	10749.0867	0.0255
772.0	575.0	10636.4208	0.0818
658.0	196.0	10635.4019	0.0823
563.0	320.0	10637.1231	0.0814
361.0	740.0	10757.4789	0.0213
644.0	579.0	10756.5422	0.0217
151.0	746.0	10498.2372	0.1509
985.0	570.0	10787.7535	0.0061
695.0	387.0	10784.3560	0.0078
503.0	499.0	9853.6196	0.4732
364.0	996.0	10702.3040	0.0488
994.0	424.0	10786.3976	0.0068
745.0	816.0	10785.7569	0.0071
84.0	144.0	10784.3391	0.0078
214.0	797.0	10783.5460	0.0082
830.0	729.0	10692.2901	0.0539
802.0	310.0	10784.1634	0.0079
379.0	615.0	10783.1430	0.0084
446.0	366.0	10780.5860	0.0097
883.0	571.0	10788.7441	0.0056
559.0	618.0	10782.1777	0.0089
266.0	936.0	10749.0783	0.0255
383.0	368.0	10717.7232	0.0411
591.0	542.0	10591.8277	0.1041
785.0	244.0	10781.9052	0.0090
583.0	396.0	10785.5244	0.0072
178.0	937.0	10782.8888	0.0086
334.0	82.0	10757.2796	0.0214
210.0	545.0	10781.8237	0.0091
705.0	765.0	10700.0003	0.0500
380.0	367.0	10783.1110	0.0084
423.0	779.0	10753.1912	0.0234
796.0	897.0	10784.6995	0.0077
574.0	351.0	10782.9648	0.0085
169.0	429.0	10783.8874	0.0081
197.0	162.0	10782.6511	0.0087
592.0	940.0	10786.3910	0.0068
722.0	468.0	10787.2241	0.0064
283.0	61.0	10630.4752	0.0848
748.0	64.0	10786.0887	0.0070
545.0	622.0	10582.2034	0.1089
104.0	564.0	10788.9595	0.0055
870.0	780.0	10753.9536	0.0230
439.0	882.0	10782.5970	0.0087
898.0	483.0	10761.5687	0.0192
782.0	161.0	10788.6265	0.0057
578.0	249.0	10783.0406	0.0085
396.0	218.0	10783.3136	0.0083
635.0	916.0	10787.8932	0.0061
165.0	508.0	10782.4586	0.0088
47.0	190.0	10782.2330	0.0089
318.0	624.0	10078.3214	0.3608
941.0	433.0	10720.2171	0.0399
