500.0 500.0
557.0	570.0	10690.4688	0.0548
470.0	579.0	10786.8488	0.0066
531.0	532.0	9845.6689	0.4772
571.0	614.0	10751.8380	0.0241
523.0	631.0	10618.9966	0.0905
516.0	747.0	10782.0327	0.0090
431.0	680.0	10657.3878	0.0713
502.0	705.0	10782.3145	0.0088
587.0	654.0	10787.4100	0.0063
484.0	535.0	10789.2675	0.0054
337.0	687.0	10785.2769	0.0074
620.0	668.0	10781.7898	0.0091
566.0	569.0	10781.5034	0.0092
580.0	548.0	10787.2894	0.0064
304.0	588.0	10470.8511	0.1646
416.0	470.0	10784.6636	0.0077
359.0	565.0	10783.4968	0.0083
321.0	683.0	10784.6808	0.0077
333.0	498.0	10787.8727	0.0061
253.0	639.0	10783.4320	0.0083
575.0	452.0	10755.2228	0.0224
576.0	715.0	10749.8975	0.0251
191.0	568.0	10628.8510	0.0856
602.0	557.0	10783.5317	0.0082
649.0	601.0	10431.2534	0.1844
547.0	486.0	10787.4115	0.0063
265.0	616.0	10437.1909	0.1814
584.0	495.0	10783.9029	0.0080
637.0	507.0	10665.5414	0.0672
482.0	490.0	10666.0950	0.0670
534.0	564.0	10783.9659	0.0080
175.0	550.0	10781.4151	0.0093
306.0	559.0	10784.0129	0.0080
202.0	462.0	10720.6778	0.0397
552.0	771.0	10715.9419	0.0420
681.0	558.0	10174.0399	0.3130
544.0	617.0	10237.2823	0.2814
206.0	642.0	10785.2389	0.0074
516.0	670.0	10539.1114	0.1304
483.0	474.0	10259.0847	0.2705
528.0	701.0	10687.6379	0.0562
240.0	618.0	10751.1330	0.0244
336.0	523.0	10785.9717	0.0070
402.0	723.0	10787.5422	0.0062
392.0	828.0	10486.3089	0.1568
680.0	604.0	10452.4532	0.1738
333.0	447.0	10751.5389	0.0242
291.0	610.0	10785.7404	0.0071
395.0	685.0	10752.1115	0.0239
765.0	603.0	10717.7605	0.0411
220.0	744.0	10688.9885	0.0555
435.0	698.0	10685.5854	0.0572
139.0	689.0	10590.1292	0.1049
598.0	474.0	10785.4417	0.0073
833.0	510.0	10781.7748	0.0091
165.0	601.0	10749.5511	0.0252
311.0	702.0	10353.0073	0.2235
609.0	483.0	10684.7745	0.0576
328.0	647.0	10787.9818	0.0060
621.0	557.0	10142.2781	0.3289
432.0	894.0	10646.9499	0.0765
768.0	549.0	10712.0746	0.0440
375.0	682.0	10277.8633	0.2611
482.0	668.0	10610.2142	0.0949
603.0	370.0	10565.3986	0.1173
620.0	605.0	10720.0428	0.0400
370.0	631.0	9953.7500	0.4231
678.0	394.0	9821.0013	0.4895
529.0	557.0	10387.1513	0.2064
202.0	659.0	10546.1187	0.1269
53.0	746.0	10784.9520	0.0075
39.0	737.0	10780.3077	0.0098
271.0	435.0	10784.3249	0.0078
548.0	685.0	10715.8735	0.0421
698.0	445.0	10784.1805	0.0079
296.0	759.0	10782.0836	0.0090
380.0	736.0	10782.4772	0.0088
756.0	528.0	10788.6220	0.0057
394.0	510.0	10663.6710	0.0682
272.0	633.0	10760.1535	0.0199
476.0	429.0	9340.9423	0.7295
868.0	521.0	10683.0031	0.0585
422.0	768.0	10784.8965	0.0076
533.0	480.0	10633.6286	0.0832
511.0	465.0	10790.0241	0.0050
375.0	557.0	9671.1223	0.5644
193.0	811.0	10714.8309	0.0426
927.0	546.0	10721.9478	0.0390
561.0	623.0	10783.8487	0.0081
227.0	881.0	10592.8931	0.1036
459.0	579.0	10785.3531	0.0073
156.0	924.0	10783.5327	0.0082
428.0	535.0	10721.0030	0.0395
317.0	431.0	10651.4232	0.0743
92.0	482.0	10785.8550	0.0071
312.0	423.0	10685.7573	0.0571
779.0	540.0	10782.3666	0.0088
614.0	546.0	10783.3373	0.0083
290.0	608.0	10546.4641	0.1268
754.0	477.0	10783.0930	0.0085
527.0	744.0	10783.5535	0.0082
144.0	490.0	10784.8388	0.0076
581.0	512.0	9481.8218	0.6591
514.0	729.0	10648.2981	0.0759
608.0	724.0	10782.5472	0.0087
470.0	481.0	10789.6819	0.0052
348.0	535.0	10781.9424	0.0090
255.0	845.0	10671.5069	0.0642
182.0	934.0	10690.2038	0.0549
693.0	656.0	10518.5841	0.1407
928.0	639.0	10660.4789	0.0698
391.0	683.0	10782.5357	0.0087
931.0	440.0	10549.5360	0.1252
490.0	681.0	10784.1886	0.0079
477.0	405.0	10156.5575	0.3217
238.0	594.0	10679.7437	0.0601
267.0	349.0	10783.7049	0.0081
339.0	532.0	10757.3210	0.0213
488.0	303.0	10680.8588	0.0596
133.0	765.0	10783.0468	0.0085
485.0	297.0	10788.2417	0.0059
828.0	520.0	10784.5545	0.0077
134.0	445.0	10783.5444	0.0082
872.0	727.0	10787.5077	0.0062
379.0	755.0	10783.2114	0.0084
744.0	423.0	10782.4068	0.0088
416.0	615.0	9425.5677	0.6872
723.0	334.0	10586.2550	0.1069
292.0	653.0	10782.8360	0.0086
439.0	578.0	10781.9404	0.0090
316.0	685.0	10783.0154	0.0085
407.0	775.0	10717.0030	0.0415
623.0	672.0	10782.5126	0.0087
799.0	347.0	10696.9246	0.0515
952.0	776.0	10782.3115	0.0088
799.0	428.0	10782.3878	0.0088
483.0	563.0	10785.2613	0.0074
536.0	631.0	10783.9178	0.0080
263.0	844.0	10388.1006	0.2059
636.0	553.0	10784.7810	0.0076
593.0	675.0	10653.4055	0.0733
265.0	508.0	10783.1125	0.0084
583.0	766.0	10787.9742	0.0060
441.0	299.0	10297.8112	0.2511
646.0	305.0	10543.6624	0.1282
521.0	252.0	10787.0693	0.0065
579.0	288.0	10753.4319	0.0233
721.0	461.0	10691.2045	0.0544
813.0	273.0	10781.3584	0.0093
408.0	698.0	10680.0501	0.0600
628.0	430.0	10785.7218	0.0071
469.0	448.0	10754.2936	0.0229
187.0	874.0	10718.3243	0.0408
460.0	516.0	10603.2544	0.0984
676.0	663.0	10751.6771	0.0242
855.0	586.0	10751.0265	0.0245
80.0	539.0	10785.7010	0.0071
599.0	610.0	10712.7768	0.0436
863.0	637.0	10612.7781	0.0936
668.0	495.0	10781.4963	0.0093
130.0	818.0	10753.4311	0.0233
341.0	744.0	10783.0413	0.0085
375.0	358.0	10290.3263	0.2548
422.0	684.0	10784.4424	0.0078
438.0	183.0	10783.4376	0.0083
548.0	234.0	10689.3701	0.0553
382.0	494.0	10713.9020	0.0430
578.0	383.0	10783.4528	0.0083
464.0	708.0	10785.9026	0.0070
602.0	181.0	10751.1322	0.0244
127.0	393.0	10789.3219	0.0053
370.0	266.0	10715.5509	0.0422
862.0	287.0	10783.5970	0.0082
225.0	648.0	10550.8202	0.1246
893.0	174.0	10748.0866	0.0260
403.0	235.0	10783.3890	0.0083
768.0	569.0	10784.6319	0.0077
273.0	468.0	10251.4786	0.2743
752.0	195.0	10650.2235	0.0749
597.0	178.0	10783.6887	0.0082
351.0	678.0	10787.9486	0.0060
256.0	861.0	10785.0920	0.0075
288.0	656.0	10783.6782	0.0082
48.0	802.0	10782.2227	0.0089
299.0	775.0	10365.3981	0.2173
765.0	167.0	10729.7944	0.0351
945.0	239.0	10786.7076	0.0066
539.0	795.0	10685.0845	0.0575
245.0	291.0	10783.7168	0.0081
594.0	728.0	10782.4176	0.0088
381.0	388.0	10687.0126	0.0565
177.0	770.0	10787.4278	0.0063
444.0	765.0	10784.9560	0.0075
109.0	630.0	10785.4932	0.0073
201.0	444.0	10783.2144	0.0084
517.0	274.0	10763.4047	0.0183
614.0	401.0	10783.9751	0.0080
205.0	369.0	10749.8182	0.0251
891.0	613.0	10789.2658	0.0054
856.0	105.0	10723.4919	0.0383
350.0	331.0	10520.6125	0.1397
179.0	856.0	10781.4751	0.0093
105.0	499.0	10788.1056	0.0059
220.0	883.0	10703.0648	0.0485
445.0	347.0	10754.5062	0.0227
590.0	650.0	10522.3754	0.1388
130.0	515.0	10786.7944	0.0066
501.0	808.0	10784.9109	0.0075
154.0	864.0	10783.9151	0.0080
469.0	555.0	10785.7662	0.0071
279.0	190.0	10684.6389	0.0577
560.0	209.0	10782.9460	0.0085
289.0	662.0	10781.6371	0.0092
879.0	791.0	10751.0643	0.0245
203.0	432.0	10781.9520	0.0090
304.0	549.0	9648.4851	0.5758
575.0	228.0	10782.1231	0.0089
136.0	928.0	10751.7787	0.0241
421.0	160.0	10783.6566	0.0082
309.0	335.0	10341.6924	0.2292
173.0	162.0	10782.4422	0.0088
601.0	137.0	10787.3597	0.0063
289.0	119.0	10717.9947	0.0410
640.0	665.0	10784.1210	0.0079
668.0	748.0	10749.8986	0.0251
850.0	335.0	10787.6390	0.0062
740.0	654.0	10479.8704	0.1601
329.0	243.0	10583.5294	0.1082
595.0	712.0	10693.0322	0.0535
316.0	614.0	10752.7447	0.0236
821.0	126.0	10749.5429	0.0252
218.0	994.0	10785.1956	0.0074
763.0	714.0	10542.9562	0.1285
632.0	136.0	10784.5471	0.0077
842.0	739.0	10788.4411	0.0058
474.0	800.0	10782.3957	0.0088
465.0	208.0	10783.0765	0.0085
155.0	881.0	10780.8513	0.0096
504.0	548.0	9406.0926	0.6970
457.0	467.0	9614.8822	0.5926
280.0	426.0	10784.0737	0.0080
550.0	301.0	10703.2246	0.0484
410.0	996.0	10784.0361	0.0080
422.0	793.0	10781.7461	0.0091
323.0	682.0	10364.6036	0.2177
493.0	278.0	10457.1639	0.1714
154.0	231.0	10757.3208	0.0213
622.0	785.0	10781.5110	0.0092
746.0	565.0	10251.8486	0.2741
728.0	195.0	10677.6563	0.0612
294.0	856.0	10784.9780	0.0075
546.0	859.0	10785.5509	0.0072
647.0	546.0	10782.1716	0.0089
862.0	340.0	10786.7616	0.0066
210.0	91.0	10751.6738	0.0242
157.0	884.0	10753.3650	0.0233
649.0	722.0	10687.9727	0.0560
370.0	111.0	10786.2472	0.0069
881.0	530.0	10780.6950	0.0097
161.0	594.0	10784.0874	0.0080
712.0	819.0	10786.0382	0.0070
408.0	747.0	10783.7708	0.0081
389.0	707.0	10747.8052	0.0261
482.0	350.0	9327.8662	0.7361
802.0	533.0	10751.0731	0.0245
447.0	265.0	10786.7400	0.0066
366.0	769.0	10784.8157	0.0076
318.0	391.0	10752.5057	0.0237
939.0	39.0	7002.0504	0.6106
291.0	346.0	10782.1264	0.0089
386.0	172.0	10686.3130	0.0568
772.0	653.0	10744.7650	0.0276
680.0	465.0	10718.8743	0.0406
834.0	409.0	10784.0179	0.0080
985.0	648.0	10786.3721	0.0068
375.0	543.0	9515.0776	0.6425
89.0	268.0	10783.3039	0.0083
355.0	712.0	10754.7379	0.0226
243.0	443.0	10783.2629	0.0084
614.0	388.0	10783.8622	0.0081
607.0	271.0	10754.0075	0.0230
585.0	185.0	10713.2041	0.0434
363.0	255.0	10782.3567	0.0088
143.0	584.0	10787.3294	0.0063
796.0	533.0	10663.7295	0.0681
588.0	595.0	10752.0809	0.0240
778.0	573.0	10741.2943	0.0294
144.0	558.0	10733.0583	0.0335
591.0	528.0	10782.4191	0.0088
394.0	666.0	10727.6746	0.0362
808.0	364.0	10491.5200	0.1542
590.0	483.0	10474.1006	0.1629
408.0	407.0	10151.8524	0.3241
1000.0	166.0	7474.3078	0.7001
550.0	801.0	10785.7016	0.0071
976.0	712.0	10788.8960	0.0056
640.0	664.0	10783.8003	0.0081
952.0	295.0	10761.0001	0.0195
800.0	780.0	10781.8962	0.0091
274.0	390.0	10726.0572	0.0370
371.0	299.0	10758.9372	0.0205
405.0	913.0	10785.9906	0.0070
623.0	28.0	7261.1410	0.6130
97.0	989.0	10784.3912	0.0078
207.0	202.0	10749.6069	0.0252
857.0	663.0	10783.7338	0.0081
243.0	478.0	10789.5360	0.0052
271.0	216.0	10757.3209	0.0213
485.0	418.0	10782.4680	0.0088
724.0	84.0	7372.7760	0.5305
998.0	454.0	10783.9616	0.0080
150.0	889.0	10782.4552	0.0088
407.0	614.0	10782.5276	0.0087
851.0	455.0	10782.1083	0.0089
978.0	510.0	10785.7292	0.0071
501.0	528.0	10590.9542	0.1045
67.0	547.0	10781.5686	0.0092
415.0	680.0	10442.8342	0.1786
259.0	276.0	10379.0085	0.2105
783.0	497.0	10784.0450	0.0080
482.0	75.0	7438.8803	0.7934
448.0	901.0	10782.7941	0.0086
145.0	141.0	10787.8522	0.0061
160.0	172.0	10784.8072	0.0076
287.0	663.0	10781.6208	0.0092
830.0	690.0	10650.4160	0.0748
786.0	653.0	10758.4853	0.0208
722.0	266.0	10629.3225	0.0853
688.0	261.0	10663.5228	0.0682
403.0	151.0	10786.0189	0.0070
195.0	459.0	10781.7787	0.0091
380.0	214.0	10763.3376	0.0183
678.0	833.0	10783.3334	0.0083
978.0	668.0	10727.3628	0.0363
591.0	286.0	10782.5013	0.0087
487.0	839.0	10750.8939	0.0246
126.0	816.0	10752.7796	0.0236
252.0	541.0	10531.1481	0.1344
800.0	208.0	10783.3745	0.0083
503.0	448.0	10788.1528	0.0059
595.0	416.0	10535.3340	0.1323
385.0	296.0	10545.9268	0.1270
205.0	721.0	10587.0348	0.1065
173.0	72.0	10789.6627	0.0052
585.0	498.0	10782.3045	0.0088
393.0	754.0	10443.7158	0.1781
198.0	451.0	10783.1488	0.0084
361.0	259.0	10784.1303	0.0079
416.0	237.0	10630.1857	0.0849
962.0	287.0	10787.9360	0.0060
475.0	957.0	10783.7297	0.0081
253.0	655.0	10783.0878	0.0085
665.0	229.0	10782.0026	0.0090
900.0	206.0	10789.9674	0.0050
273.0	237.0	10723.5169	0.0382
168.0	181.0	10726.7833	0.0366
527.0	743.0	10719.3070	0.0403
271.0	795.0	10591.3594	0.1043
243.0	49.0	10789.9468	0.0050
834.0	303.0	10786.8771	0.0066
251.0	381.0	10783.1821	0.0084
211.0	249.0	10729.4311	0.0353
738.0	361.0	10118.7530	0.3406
267.0	169.0	10782.3053	0.0088
289.0	152.0	10785.8700	0.0071
715.0	506.0	10677.0973	0.0615
412.0	251.0	10644.2460	0.0779
348.0	485.0	10217.1357	0.2914
396.0	850.0	10750.8635	0.0246
999.0	732.0	10784.5501	0.0077
790.0	282.0	10757.0597	0.0215
964.0	802.0	10781.2634	0.0094
543.0	558.0	10005.1004	0.3974
286.0	749.0	10375.0367	0.2125
670.0	189.0	10785.1580	0.0074
569.0	455.0	10358.2362	0.2209
605.0	551.0	9727.6415	0.5362
994.0	401.0	10613.0690	0.0935
347.0	258.0	10783.9141	0.0080
646.0	817.0	10784.0588	0.0080
332.0	149.0	10785.9475	0.0070
832.0	736.0	10594.0397	0.1030
167.0	961.0	10782.7948	0.0086
180.0	770.0	10672.8741	0.0636
150.0	921.0	10782.3034	0.0088
312.0	231.0	10753.0736	0.0235
424.0	769.0	10784.6351	0.0077
872.0	709.0	10787.7165	0.0061
877.0	392.0	10512.6511	0.1437
640.0	771.0	10749.8866	0.0251
581.0	469.0	10783.3945	0.0083
181.0	549.0	10753.5137	0.0232
187.0	320.0	10787.0529	0.0065
407.0	557.0	10785.1197	0.0074
705.0	758.0	10753.4826	0.0233
513.0	621.0	9738.9733	0.5305
394.0	131.0	10782.1186	0.0089
626.0	448.0	9730.2116	0.5349
564.0	282.0	10785.0755	0.0075
674.0	641.0	10755.9827	0.0220
337.0	965.0	10783.6627	0.0082
513.0	480.0	9024.3813	0.8878
976.0	294.0	10788.9648	0.0055
90.0	877.0	10784.8785	0.0076
354.0	267.0	10785.5301	0.0072
151.0	617.0	10786.1385	0.0069
209.0	982.0	10786.6331	0.0067
524.0	458.0	10789.1662	0.0054
92.0	404.0	10783.6818	0.0082
667.0	493.0	10542.4148	0.1288
214.0	473.0	10582.7122	0.1086
548.0	739.0	10750.0614	0.0250
354.0	410.0	10729.5921	0.0352
765.0	382.0	10781.9375	0.0090
67.0	691.0	10783.1287	0.0084
349.0	363.0	10783.0411	0.0085
842.0	869.0	7228.1901	0.8448
178.0	159.0	10718.5832	0.0407
382.0	450.0	10650.8667	0.0746
156.0	407.0	10784.4640	0.0078
197.0	232.0	10518.3998	0.1408
396.0	524.0	10785.4539	0.0073
551.0	350.0	10530.0655	0.1350
569.0	740.0	10785.0321	0.0075
449.0	273.0	10783.5905	0.0082
737.0	293.0	10751.7500	0.0241
499.0	981.0	10786.2242	0.0069
386.0	209.0	10759.3782	0.0203
731.0	288.0	10718.0180	0.0410
726.0	914.0	7104.8355	0.8107
758.0	675.0	10623.9521	0.0880
172.0	647.0	10782.8793	0.0086
735.0	52.0	7251.2318	0.8701
559.0	257.0	10686.8738	0.0566
305.0	657.0	10783.9208	0.0080
304.0	636.0	10784.8403	0.0076
164.0	416.0	10718.2857	0.0409
335.0	870.0	10783.6187	0.0082
599.0	714.0	10724.3104	0.0378
634.0	434.0	10784.9210	0.0075
662.0	220.0	10782.7434	0.0086
572.0	216.0	10783.9137	0.0080
123.0	123.0	10783.8763	0.0081
438.0	716.0	10753.0402	0.0235
696.0	581.0	10544.3360	0.1278
972.0	724.0	10782.9680	0.0085
649.0	945.0	7324.7490	0.6701
509.0	208.0	10783.9129	0.0080
843.0	738.0	10787.6247	0.0062
170.0	944.0	10782.7197	0.0086
981.0	562.0	10785.8461	0.0071
888.0	780.0	10750.7670	0.0246
794.0	315.0	10752.7869	0.0236
322.0	236.0	10782.9905	0.0085
409.0	688.0	10751.4191	0.0243
455.0	946.0	10725.2938	0.0374
992.0	132.0	7246.7193	0.7733
961.0	891.0	7442.7524	0.6039
289.0	396.0	10783.7582	0.0081
727.0	451.0	10717.6513	0.0412
975.0	333.0	10650.9246	0.0745
698.0	782.0	10783.2785	0.0084
752.0	653.0	10783.4275	0.0083
276.0	356.0	10783.2617	0.0084
309.0	665.0	10783.6832	0.0082
193.0	622.0	10781.8902	0.0091
438.0	547.0	7926.5073	1.4367
582.0	601.0	10783.1217	0.0084
415.0	750.0	10783.3035	0.0083
501.0	655.0	10533.3388	0.1333
376.0	580.0	10720.2013	0.0399
412.0	901.0	10782.7478	0.0086
905.0	758.0	10751.4745	0.0243
109.0	704.0	10711.1980	0.0444
325.0	276.0	10696.8184	0.0516
839.0	676.0	10782.8492	0.0086
502.0	827.0	10749.2866	0.0254
800.0	593.0	10604.4188	0.0978
199.0	665.0	10782.8343	0.0086
50.0	711.0	10786.6932	0.0067
552.0	748.0	10785.5521	0.0072
388.0	453.0	10394.9071	0.2025
318.0	374.0	10783.9796	0.0080
425.0	482.0	8899.1131	0.9504
553.0	888.0	10781.8395	0.0091
435.0	385.0	10782.9900	0.0085
135.0	179.0	10782.5592	0.0087
715.0	729.0	10781.5091	0.0092
778.0	450.0	10724.8244	0.0376
800.0	140.0	10687.0847	0.0565
860.0	81.0	10785.4376	0.0073
682.0	297.0	10790.2565	0.0049
380.0	114.0	10786.2576	0.0069
812.0	969.0	7159.5572	0.8018
375.0	903.0	10749.3262	0.0253
414.0	370.0	10238.6209	0.2807
308.0	669.0	10783.1277	0.0084
271.0	68.0	10757.7094	0.0211
152.0	484.0	10724.4921	0.0378
222.0	968.0	10787.3112	0.0063
