500.0 500.0
455.0	430.0	10653.7564	0.0731
385.0	343.0	10783.4342	0.0083
489.0	345.0	10746.7272	0.0266
287.0	359.0	10781.6744	0.0092
538.0	410.0	10785.6942	0.0072
595.0	379.0	10781.4146	0.0093
410.0	229.0	10782.5868	0.0087
451.0	274.0	10511.6483	0.1442
510.0	352.0	10783.2813	0.0084
354.0	191.0	10786.1144	0.0069
487.0	295.0	10708.3996	0.0458
589.0	427.0	10754.0300	0.0230
340.0	247.0	10749.6774	0.0252
558.0	371.0	10781.4146	0.0093
382.0	517.0	10579.4721	0.1103
508.0	245.0	10782.6294	0.0087
615.0	349.0	10609.6598	0.0952
379.0	334.0	10785.8269	0.0071
453.0	393.0	10751.1618	0.0244
636.0	433.0	10783.6220	0.0082
450.0	352.0	9460.0044	0.6700
438.0	148.0	10658.6280	0.0707
548.0	443.0	9841.1723	0.4794
525.0	291.0	10783.7262	0.0081
495.0	361.0	10725.6241	0.0372
419.0	417.0	10524.3293	0.1378
556.0	254.0	10780.6083	0.0097
501.0	404.0	10787.7414	0.0061
517.0	365.0	10508.6700	0.1457
434.0	195.0	10750.6348	0.0247
494.0	303.0	10717.3301	0.0413
483.0	424.0	8182.3226	1.3088
392.0	300.0	9810.5108	0.4947
514.0	253.0	10721.0969	0.0395
290.0	291.0	10758.3808	0.0208
499.0	446.0	10580.8456	0.1096
374.0	384.0	10651.8457	0.0741
613.0	441.0	10282.3999	0.2588
507.0	283.0	10782.0352	0.0090
700.0	464.0	10624.7240	0.0876
685.0	431.0	10317.4797	0.2413
382.0	242.0	10206.9068	0.2965
682.0	526.0	10783.2148	0.0084
516.0	606.0	10236.3849	0.2818
691.0	473.0	10782.5559	0.0087
504.0	520.0	10790.9661	0.0045
542.0	522.0	10375.0850	0.2125
428.0	413.0	10654.5839	0.0727
516.0	358.0	10782.2017	0.0089
508.0	354.0	10618.1980	0.0909
528.0	677.0	10321.2334	0.2394
464.0	38.0	10787.6721	0.0062
608.0	578.0	10783.3568	0.0083
458.0	426.0	10783.2975	0.0084
547.0	515.0	10703.1508	0.0484
577.0	497.0	10080.9512	0.3595
670.0	569.0	10783.6020	0.0082
411.0	313.0	10165.5535	0.3172
714.0	381.0	10190.5883	0.3047
466.0	343.0	10752.8904	0.0236
302.0	100.0	10749.1096	0.0254
228.0	121.0	10748.7600	0.0256
599.0	430.0	10783.0786	0.0085
560.0	420.0	10783.1690	0.0084
662.0	526.0	10782.6660	0.0087
505.0	383.0	10783.6652	0.0082
417.0	412.0	10184.4541	0.3078
529.0	365.0	10550.4796	0.1248
498.0	457.0	9718.2252	0.5409
499.0	200.0	10681.5136	0.0592
458.0	501.0	9355.7062	0.7221
827.0	365.0	10779.7199	0.0101
577.0	606.0	10784.6371	0.0077
620.0	627.0	10054.7116	0.3726
539.0	359.0	10786.4728	0.0068
276.0	438.0	10656.0306	0.0720
345.0	380.0	10244.8068	0.2776
671.0	672.0	10784.7139	0.0076
324.0	317.0	10782.8443	0.0086
316.0	280.0	9977.1998	0.4114
459.0	294.0	10782.9597	0.0085
662.0	781.0	10335.7267	0.2321
289.0	448.0	10681.5722	0.0592
268.0	361.0	10416.7828	0.1916
435.0	151.0	10753.6344	0.0232
285.0	138.0	10690.2854	0.0549
630.0	226.0	10782.5364	0.0087
318.0	337.0	10717.6571	0.0412
582.0	723.0	10784.3902	0.0078
687.0	546.0	10586.0788	0.1070
523.0	181.0	10783.9455	0.0080
546.0	200.0	10748.9166	0.0255
295.0	28.0	10782.9723	0.0085
612.0	554.0	10748.9884	0.0255
460.0	56.0	10788.8175	0.0056
459.0	464.0	10787.4602	0.0063
445.0	732.0	10784.1330	0.0079
204.0	10.0	10789.4216	0.0053
603.0	663.0	10109.7440	0.3451
514.0	276.0	10647.1290	0.0764
602.0	475.0	10783.2244	0.0084
216.0	123.0	10783.4028	0.0083
655.0	680.0	10175.5246	0.3122
253.0	339.0	10746.2303	0.0269
633.0	326.0	10335.5064	0.2322
481.0	579.0	9169.2559	0.8154
557.0	505.0	10582.0790	0.1090
698.0	674.0	10707.5354	0.0462
917.0	426.0	10716.8401	0.0416
464.0	171.0	10784.2092	0.0079
547.0	526.0	10135.0907	0.3325
288.0	432.0	10653.6662	0.0732
778.0	464.0	10647.7680	0.0761
526.0	291.0	10781.7153	0.0091
612.0	259.0	10786.3741	0.0068
542.0	139.0	10717.3394	0.0413
377.0	368.0	10750.9071	0.0245
576.0	287.0	10717.2550	0.0414
450.0	337.0	10680.5410	0.0597
207.0	177.0	10682.4087	0.0588
133.0	53.0	10783.5162	0.0082
537.0	559.0	10559.5010	0.1202
718.0	744.0	10782.9020	0.0085
335.0	21.0	10782.5864	0.0087
375.0	662.0	10783.5168	0.0082
636.0	493.0	10576.5169	0.1117
598.0	531.0	10781.1084	0.0094
636.0	735.0	10141.3848	0.3293
369.0	171.0	10781.2953	0.0094
427.0	319.0	10782.2460	0.0089
544.0	294.0	10647.7753	0.0761
163.0	155.0	10782.3355	0.0088
135.0	130.0	10784.3817	0.0078
621.0	515.0	10781.3941	0.0093
384.0	394.0	10780.9992	0.0095
142.0	337.0	10752.3287	0.0238
615.0	405.0	10782.5947	0.0087
289.0	631.0	10785.9027	0.0070
437.0	266.0	10716.4818	0.0418
780.0	695.0	10782.7442	0.0086
362.0	725.0	10782.5501	0.0087
826.0	532.0	10664.9563	0.0675
756.0	314.0	10444.9827	0.1775
222.0	554.0	10655.3600	0.0723
486.0	405.0	10672.7193	0.0636
708.0	541.0	10219.0136	0.2905
529.0	457.0	9880.3775	0.4598
556.0	498.0	10786.6830	0.0067
759.0	275.0	10783.4851	0.0083
449.0	376.0	10785.9564	0.0070
226.0	186.0	10700.3635	0.0498
270.0	100.0	10723.0794	0.0385
462.0	213.0	10575.0902	0.1125
862.0	396.0	10782.8820	0.0086
356.0	768.0	10786.6616	0.0067
542.0	195.0	10748.7756	0.0256
748.0	696.0	10787.9282	0.0060
453.0	312.0	10751.6794	0.0242
317.0	620.0	10749.9582	0.0250
651.0	421.0	10158.0091	0.3210
841.0	367.0	10783.1629	0.0084
444.0	27.0	10784.1900	0.0079
523.0	753.0	10541.7196	0.1291
604.0	216.0	10782.8099	0.0086
386.0	346.0	10748.0704	0.0260
156.0	442.0	10783.8187	0.0081
637.0	346.0	10784.9934	0.0075
672.0	709.0	10790.1184	0.0049
624.0	249.0	10717.9262	0.0410
845.0	536.0	10791.4183	0.0043
776.0	340.0	10783.7073	0.0081
683.0	773.0	10786.8474	0.0066
681.0	515.0	10783.4898	0.0083
507.0	708.0	10760.9979	0.0195
600.0	233.0	10787.0242	0.0065
649.0	381.0	10783.1116	0.0084
692.0	739.0	10723.4906	0.0383
856.0	311.0	10631.0793	0.0845
298.0	378.0	10782.5278	0.0087
820.0	338.0	10782.6670	0.0087
344.0	291.0	10784.4159	0.0078
823.0	296.0	10784.7310	0.0076
501.0	262.0	10665.8093	0.0671
327.0	254.0	10782.1266	0.0089
621.0	421.0	10716.0423	0.0420
562.0	131.0	10783.4519	0.0083
304.0	155.0	10786.1213	0.0069
720.0	321.0	10784.6448	0.0077
211.0	478.0	10712.1344	0.0439
519.0	529.0	9592.2650	0.6039
318.0	179.0	10783.9889	0.0080
720.0	788.0	10787.4278	0.0063
224.0	13.0	10783.6826	0.0082
129.0	134.0	10784.3490	0.0078
477.0	233.0	10748.7340	0.0256
429.0	805.0	10781.6482	0.0092
685.0	325.0	10746.8292	0.0266
690.0	170.0	10785.9120	0.0070
556.0	360.0	10686.8239	0.0566
64.0	193.0	10790.2564	0.0049
616.0	434.0	10652.5015	0.0737
405.0	174.0	10559.2028	0.1204
383.0	326.0	10784.4528	0.0078
657.0	503.0	10784.8073	0.0076
697.0	879.0	10685.1270	0.0574
547.0	691.0	10785.1532	0.0074
628.0	452.0	10785.4840	0.0073
396.0	552.0	10784.5085	0.0077
293.0	720.0	10136.2694	0.3319
877.0	221.0	10733.8043	0.0331
242.0	459.0	10733.3919	0.0333
373.0	862.0	10751.6904	0.0242
152.0	434.0	10782.1244	0.0089
217.0	801.0	10490.2248	0.1549
714.0	836.0	10782.7049	0.0086
914.0	233.0	10758.2507	0.0209
776.0	580.0	10240.0765	0.2800
124.0	771.0	10787.2700	0.0064
167.0	297.0	10760.5696	0.0197
444.0	250.0	10787.3622	0.0063
361.0	438.0	10684.9140	0.0575
657.0	372.0	10680.1877	0.0599
751.0	934.0	10681.6063	0.0592
805.0	606.0	10469.6351	0.1652
871.0	255.0	10782.2203	0.0089
151.0	107.0	10782.2445	0.0089
254.0	633.0	10785.2695	0.0074
363.0	46.0	10785.0833	0.0075
566.0	537.0	10782.4539	0.0088
132.0	275.0	10706.4447	0.0468
326.0	458.0	10782.6532	0.0087
463.0	526.0	10763.4841	0.0183
158.0	151.0	10718.1357	0.0409
579.0	439.0	10186.9641	0.3065
666.0	362.0	10751.0952	0.0245
960.0	460.0	10787.2560	0.0064
503.0	506.0	9601.2872	0.5994
710.0	325.0	10717.1904	0.0414
53.0	759.0	10784.8968	0.0076
714.0	516.0	10783.1160	0.0084
229.0	39.0	10751.1858	0.0244
179.0	115.0	10755.1517	0.0224
258.0	329.0	10782.0450	0.0090
573.0	78.0	10781.4572	0.0093
112.0	556.0	10787.1302	0.0064
288.0	783.0	10237.3109	0.2813
307.0	892.0	10783.9596	0.0080
546.0	696.0	10751.7094	0.0241
354.0	683.0	10137.8498	0.3311
249.0	798.0	10679.4514	0.0603
726.0	248.0	10781.8356	0.0091
650.0	463.0	10783.2251	0.0084
955.0	192.0	10785.8180	0.0071
357.0	460.0	10619.7519	0.0901
725.0	973.0	10788.6541	0.0057
106.0	581.0	10786.4556	0.0068
802.0	639.0	10786.6308	0.0067
429.0	377.0	10721.7790	0.0391
166.0	577.0	10697.4800	0.0513
174.0	297.0	10657.5575	0.0712
406.0	57.0	10760.5669	0.0197
154.0	892.0	10782.2934	0.0089
158.0	196.0	10724.9555	0.0375
652.0	693.0	10783.0598	0.0085
494.0	216.0	10743.7714	0.0281
993.0	502.0	10788.1174	0.0059
264.0	359.0	10785.6662	0.0072
522.0	441.0	9746.4940	0.5268
639.0	934.0	10781.9375	0.0090
378.0	508.0	10586.3163	0.1068
567.0	120.0	10781.7300	0.0091
260.0	565.0	10745.0229	0.0275
526.0	710.0	10790.7630	0.0046
339.0	984.0	7002.0504	0.6106
600.0	105.0	10786.9774	0.0065
106.0	527.0	10782.4176	0.0088
434.0	669.0	10788.6370	0.0057
755.0	661.0	10786.3292	0.0068
222.0	600.0	10784.2826	0.0079
153.0	372.0	10747.1402	0.0264
257.0	101.0	10783.1974	0.0084
514.0	867.0	10757.0003	0.0215
774.0	996.0	10784.8907	0.0076
558.0	255.0	10748.2674	0.0259
884.0	338.0	10782.7602	0.0086
530.0	66.0	10783.1594	0.0084
363.0	476.0	10681.6364	0.0592
862.0	972.0	10788.5177	0.0057
489.0	87.0	10681.8102	0.0591
954.0	108.0	10783.6937	0.0082
650.0	874.0	10791.6475	0.0042
524.0	303.0	10784.5262	0.0077
807.0	632.0	10786.6559	0.0067
979.0	86.0	10788.5301	0.0057
506.0	389.0	10372.8650	0.2136
389.0	89.0	10782.4640	0.0088
532.0	736.0	10785.6571	0.0072
597.0	257.0	10786.6012	0.0067
346.0	535.0	10471.6940	0.1642
431.0	726.0	10464.9140	0.1675
518.0	73.0	10784.3472	0.0078
578.0	384.0	10269.4782	0.2653
591.0	663.0	10784.2896	0.0079
876.0	589.0	10421.7325	0.1891
215.0	268.0	10782.1982	0.0089
139.0	777.0	10789.2532	0.0054
612.0	904.0	10752.2827	0.0239
507.0	712.0	10789.7077	0.0051
420.0	769.0	10651.6407	0.0742
820.0	955.0	10750.9512	0.0245
411.0	946.0	10782.8554	0.0086
308.0	204.0	10521.4491	0.1393
401.0	668.0	10786.1692	0.0069
580.0	693.0	10784.1093	0.0079
231.0	200.0	10685.5945	0.0572
886.0	611.0	10611.8283	0.0941
905.0	163.0	10754.7937	0.0226
397.0	406.0	10724.6862	0.0377
195.0	922.0	10746.0287	0.0270
705.0	151.0	10784.9410	0.0075
213.0	954.0	10789.4877	0.0053
752.0	989.0	10784.5122	0.0077
874.0	399.0	10785.5296	0.0072
284.0	408.0	10785.5144	0.0072
972.0	324.0	10789.0877	0.0055
870.0	55.0	10715.4848	0.0423
279.0	842.0	10786.2666	0.0069
896.0	677.0	10657.0769	0.0715
211.0	319.0	10471.1760	0.1644
64.0	78.0	10784.5661	0.0077
239.0	85.0	10783.8024	0.0081
649.0	183.0	10752.2197	0.0239
590.0	960.0	10786.0356	0.0070
692.0	273.0	10372.2558	0.2139
782.0	63.0	10747.0140	0.0265
472.0	143.0	10781.4881	0.0093
844.0	88.0	10790.2968	0.0049
293.0	322.0	10781.8928	0.0091
354.0	630.0	10715.8752	0.0421
271.0	589.0	10788.6182	0.0057
450.0	381.0	10234.4397	0.2828
185.0	393.0	10788.3823	0.0058
857.0	470.0	10680.5634	0.0597
561.0	407.0	10607.7430	0.0961
223.0	726.0	10783.2678	0.0084
122.0	301.0	10781.6047	0.0092
220.0	826.0	10789.7710	0.0051
629.0	875.0	10763.2285	0.0184
762.0	746.0	10783.5690	0.0082
490.0	887.0	10781.6764	0.0092
252.0	609.0	10783.7433	0.0081
683.0	576.0	10783.2863	0.0084
578.0	310.0	10588.4510	0.1058
349.0	194.0	10609.0470	0.0955
138.0	75.0	10751.2603	0.0244
95.0	205.0	10714.7849	0.0426
365.0	362.0	10747.6373	0.0262
913.0	671.0	10785.1109	0.0074
115.0	790.0	10788.1799	0.0059
862.0	415.0	10782.6143	0.0087
617.0	935.0	10785.9746	0.0070
591.0	230.0	10678.5366	0.0607
881.0	757.0	10789.9663	0.0050
351.0	157.0	10728.0950	0.0360
389.0	669.0	10786.0125	0.0070
783.0	344.0	10781.4352	0.0093
328.0	525.0	10713.1723	0.0434
931.0	74.0	10755.3560	0.0223
905.0	921.0	10783.1827	0.0084
698.0	711.0	10528.7466	0.1356
821.0	369.0	10783.3556	0.0083
796.0	332.0	10581.9814	0.1090
77.0	310.0	10784.5912	0.0077
202.0	462.0	10780.5927	0.0097
645.0	499.0	10188.1661	0.3059
354.0	709.0	10748.3743	0.0258
291.0	397.0	10754.7194	0.0226
218.0	215.0	10704.2528	0.0479
433.0	428.0	10478.2006	0.1609
316.0	386.0	10720.3873	0.0398
124.0	758.0	10755.7827	0.0221
199.0	411.0	10754.9965	0.0225
899.0	208.0	10785.9772	0.0070
334.0	650.0	10782.3190	0.0088
716.0	131.0	10784.1114	0.0079
587.0	763.0	10782.4854	0.0088
584.0	157.0	10717.7132	0.0411
264.0	825.0	10787.3458	0.0063
395.0	791.0	10720.1846	0.0399
874.0	266.0	10593.2089	0.1034
228.0	634.0	10781.6224	0.0092
638.0	285.0	10722.9775	0.0385
567.0	203.0	10782.7221	0.0086
592.0	541.0	10719.3750	0.0403
954.0	290.0	10726.5707	0.0367
869.0	731.0	10723.7520	0.0381
366.0	820.0	10783.1307	0.0084
297.0	162.0	10666.1011	0.0669
817.0	364.0	10750.8529	0.0246
435.0	622.0	9347.2884	0.7264
201.0	223.0	10754.6167	0.0227
962.0	702.0	10783.4715	0.0083
957.0	472.0	10785.2525	0.0074
835.0	324.0	10509.4822	0.1453
519.0	322.0	10405.0278	0.1975
550.0	605.0	10040.4550	0.3798
235.0	534.0	10783.6063	0.0082
232.0	381.0	10685.1952	0.0574
402.0	660.0	10759.8347	0.0201
891.0	791.0	10723.1424	0.0384
786.0	409.0	10646.8908	0.0766
894.0	537.0	10721.8665	0.0391
937.0	836.0	10754.4722	0.0228
750.0	134.0	10476.8184	0.1616
834.0	897.0	10756.8857	0.0216
94.0	306.0	10783.0525	0.0085
549.0	884.0	10715.2162	0.0424
841.0	152.0	10786.4542	0.0068
479.0	265.0	10782.0852	0.0090
666.0	860.0	10310.4237	0.2448
385.0	834.0	10783.5726	0.0082
624.0	925.0	10782.5495	0.0087
579.0	240.0	10783.5643	0.0082
922.0	663.0	10784.0880	0.0080
971.0	326.0	10789.7011	0.0051
809.0	795.0	10575.0019	0.1125
153.0	131.0	10783.0660	0.0085
538.0	897.0	10788.9908	0.0055
985.0	549.0	10783.8737	0.0081
578.0	379.0	10783.7265	0.0081
140.0	833.0	10790.7887	0.0046
341.0	439.0	10605.1445	0.0974
479.0	266.0	10781.1739	0.0094
715.0	203.0	10422.1912	0.1889
483.0	374.0	10579.9536	0.1100
496.0	506.0	10791.8360	0.0041
443.0	419.0	10785.1905	0.0074
499.0	405.0	10592.1439	0.1039
753.0	394.0	10332.5133	0.2337
733.0	926.0	10720.5497	0.0397
349.0	554.0	10646.5428	0.0767
611.0	539.0	10462.9202	0.1685
37.0	635.0	7474.3078	0.7001
384.0	878.0	10746.2424	0.0269
687.0	788.0	10784.1768	0.0079
522.0	816.0	10596.1756	0.1019
897.0	601.0	10791.2427	0.0044
57.0	162.0	10786.8639	0.0066
719.0	47.0	10784.7234	0.0076
834.0	132.0	10790.1686	0.0049
469.0	750.0	10782.4635	0.0088
928.0	590.0	10759.1348	0.0204
127.0	247.0	10785.5142	0.0072
271.0	822.0	10789.8122	0.0051
585.0	567.0	9985.9920	0.4070
971.0	890.0	10785.2671	0.0074
632.0	430.0	10785.5783	0.0072
707.0	669.0	10758.9044	0.0205
219.0	272.0	10781.6480	0.0092
691.0	481.0	10783.9116	0.0080
567.0	451.0	10721.6968	0.0392
459.0	390.0	10718.7221	0.0406
478.0	460.0	9891.1990	0.4544
762.0	532.0	10619.3029	0.0903
130.0	803.0	10790.4696	0.0048
730.0	271.0	10782.3845	0.0088
669.0	228.0	10755.0806	0.0225
820.0	423.0	10747.4661	0.0263
902.0	779.0	10786.2019	0.0069
900.0	269.0	10663.4272	0.0683
743.0	784.0	10784.7909	0.0076
137.0	399.0	10785.5473	0.0072
570.0	629.0	10647.0076	0.0765
936.0	208.0	10783.2516	0.0084
322.0	381.0	10747.7100	0.0261
246.0	862.0	10720.6015	0.0397
266.0	227.0	10331.1749	0.2344
399.0	551.0	9796.7783	0.5016
155.0	815.0	10539.7254	0.1301
413.0	658.0	9818.3310	0.4908
312.0	562.0	10737.5985	0.0312
812.0	102.0	10592.1268	0.1039
358.0	481.0	10787.9877	0.0060
675.0	887.0	10715.5040	0.0422
575.0	636.0	10784.9529	0.0075
497.0	770.0	10784.9741	0.0075
804.0	640.0	10784.7228	0.0076
286.0	631.0	10783.6375	0.0082
382.0	151.0	10784.4218	0.0078
256.0	79.0	10755.3445	0.0223
418.0	689.0	10783.3383	0.0083
289.0	578.0	10558.6283	0.1207
618.0	489.0	10716.2555	0.0419
484.0	680.0	10710.5354	0.0447
948.0	486.0	10749.6891	0.0252
403.0	802.0	10735.6029	0.0322
847.0	840.0	10637.6201	0.0812
736.0	763.0	10568.8147	0.1156
392.0	107.0	10692.7768	0.0536
675.0	402.0	10783.0429	0.0085
