500.0 500.0
530.0	575.0	10666.1601	0.0669
587.0	486.0	10682.6629	0.0587
601.0	399.0	10209.0114	0.2955
457.0	492.0	10788.5797	0.0057
389.0	436.0	10233.7456	0.2831
606.0	461.0	10141.4100	0.3293
692.0	431.0	10787.8872	0.0061
510.0	459.0	9932.9153	0.4335
670.0	384.0	10399.0516	0.2005
466.0	479.0	10230.0220	0.2850
564.0	547.0	7160.2777	1.0012
644.0	280.0	9972.6304	0.4137
694.0	446.0	10787.1155	0.0064
552.0	638.0	10784.3080	0.0078
529.0	405.0	10300.3659	0.2498
620.0	316.0	10655.2987	0.0724
642.0	397.0	10128.8406	0.3356
562.0	358.0	10672.5088	0.0637
401.0	538.0	10787.4226	0.0063
435.0	424.0	10781.5773	0.0092
746.0	402.0	10408.3744	0.1958
627.0	641.0	9297.5777	0.7512
455.0	362.0	10751.9605	0.0240
560.0	405.0	9773.8973	0.5131
374.0	528.0	10788.6578	0.0057
596.0	335.0	9868.2670	0.4659
551.0	494.0	9170.1326	0.8149
397.0	464.0	10784.3420	0.0078
483.0	372.0	10474.3609	0.1628
654.0	343.0	10718.0196	0.0410
662.0	386.0	10644.3418	0.0778
509.0	428.0	10287.1529	0.2564
641.0	732.0	10758.9470	0.0205
472.0	606.0	10787.4806	0.0063
455.0	304.0	10782.8060	0.0086
834.0	419.0	10785.7530	0.0071
757.0	312.0	10594.3216	0.1028
595.0	499.0	10751.6428	0.0242
537.0	651.0	10782.6800	0.0087
612.0	409.0	10787.7406	0.0061
345.0	328.0	10157.5016	0.3212
381.0	528.0	10401.8132	0.1991
297.0	439.0	10781.8042	0.0091
523.0	517.0	10255.9897	0.2720
758.0	195.0	10582.2190	0.1089
223.0	532.0	10642.7241	0.0786
540.0	603.0	10683.2216	0.0584
464.0	447.0	10443.4925	0.1783
645.0	432.0	10708.9376	0.0455
719.0	696.0	10784.2510	0.0079
699.0	683.0	10511.5462	0.1442
619.0	380.0	10786.0132	0.0070
838.0	256.0	10722.7891	0.0386
467.0	443.0	10785.3207	0.0073
717.0	254.0	10781.3355	0.0093
907.0	366.0	10747.7289	0.0261
590.0	608.0	10783.5740	0.0082
605.0	441.0	9648.2393	0.5759
191.0	412.0	10726.3835	0.0368
388.0	430.0	10782.8714	0.0086
579.0	753.0	10783.2384	0.0084
265.0	590.0	10601.8521	0.0991
676.0	682.0	10785.5415	0.0072
655.0	341.0	10781.4106	0.0093
537.0	288.0	10420.6113	0.1897
919.0	254.0	10727.0485	0.0365
530.0	376.0	10685.6264	0.0572
899.0	334.0	10786.6355	0.0067
1000.0	250.0	10783.9043	0.0080
480.0	273.0	10782.0263	0.0090
927.0	205.0	10782.8362	0.0086
395.0	533.0	10782.3291	0.0088
699.0	325.0	10719.9633	0.0400
738.0	811.0	10619.5563	0.0902
442.0	429.0	9817.5337	0.4912
491.0	425.0	10782.0567	0.0090
203.0	446.0	10783.0452	0.0085
838.0	251.0	10784.1311	0.0079
421.0	565.0	10785.8058	0.0071
465.0	389.0	10748.5819	0.0257
701.0	584.0	10755.2247	0.0224
257.0	289.0	10720.5570	0.0397
236.0	336.0	10532.6338	0.1337
737.0	577.0	10252.5878	0.2737
879.0	446.0	10591.0534	0.1045
933.0	145.0	10783.4233	0.0083
499.0	350.0	10334.5395	0.2327
585.0	504.0	10662.6273	0.0687
464.0	523.0	10064.9631	0.3675
637.0	589.0	10720.1088	0.0399
681.0	570.0	10286.6880	0.2567
396.0	633.0	10694.4754	0.0528
502.0	569.0	10783.7510	0.0081
592.0	803.0	10783.8828	0.0081
756.0	778.0	10647.2150	0.0764
210.0	648.0	10639.9024	0.0800
426.0	532.0	10781.7732	0.0091
539.0	309.0	10784.3435	0.0078
997.0	437.0	10785.5045	0.0072
205.0	457.0	10782.2699	0.0089
502.0	345.0	10785.0636	0.0075
666.0	158.0	10783.6171	0.0082
961.0	436.0	10786.6932	0.0067
223.0	603.0	10786.5672	0.0067
907.0	120.0	10762.1135	0.0189
317.0	404.0	10270.6709	0.2647
575.0	345.0	10750.7089	0.0246
770.0	875.0	10653.4666	0.0733
719.0	686.0	10783.8312	0.0081
624.0	818.0	10782.2330	0.0089
180.0	388.0	10693.4692	0.0533
815.0	800.0	10723.2770	0.0384
186.0	268.0	10782.7676	0.0086
123.0	633.0	10783.0818	0.0085
258.0	508.0	10752.1257	0.0239
175.0	662.0	10717.4714	0.0413
219.0	498.0	10783.7693	0.0081
579.0	628.0	10782.7247	0.0086
553.0	657.0	10788.1312	0.0059
472.0	356.0	10782.2738	0.0089
673.0	625.0	10315.1975	0.2424
722.0	347.0	10783.4420	0.0083
766.0	516.0	10785.2841	0.0074
82.0	359.0	10750.8291	0.0246
71.0	293.0	10784.6852	0.0077
894.0	533.0	10678.8030	0.0606
460.0	665.0	9990.0359	0.4050
706.0	964.0	10782.9836	0.0085
801.0	332.0	10781.7954	0.0091
243.0	368.0	10782.8430	0.0086
925.0	221.0	10785.4740	0.0073
790.0	799.0	10591.0335	0.1045
417.0	202.0	10677.6502	0.0612
44.0	193.0	10750.7147	0.0246
559.0	331.0	10780.9338	0.0095
468.0	331.0	10786.2348	0.0069
844.0	76.0	10716.0769	0.0420
641.0	788.0	10687.0813	0.0565
494.0	767.0	10736.2850	0.0319
659.0	188.0	10749.7497	0.0251
753.0	322.0	10785.2260	0.0074
597.0	790.0	10784.2616	0.0079
349.0	381.0	10168.3824	0.3158
648.0	712.0	10624.4143	0.0878
854.0	453.0	10781.6637	0.0092
383.0	638.0	10678.9315	0.0605
281.0	476.0	10711.0584	0.0445
940.0	437.0	10785.5999	0.0072
708.0	253.0	10151.9081	0.3240
193.0	707.0	10785.4418	0.0073
142.0	370.0	10755.9769	0.0220
681.0	590.0	10782.6103	0.0087
884.0	820.0	10751.3984	0.0243
486.0	463.0	10314.0518	0.2430
514.0	320.0	10786.8078	0.0066
312.0	195.0	10533.1598	0.1334
466.0	775.0	10713.6052	0.0432
199.0	295.0	10609.8514	0.0951
377.0	542.0	10758.1303	0.0209
311.0	475.0	10757.3354	0.0213
977.0	229.0	10784.5389	0.0077
696.0	903.0	10788.1168	0.0059
838.0	847.0	10784.6656	0.0077
752.0	900.0	10784.0104	0.0080
256.0	643.0	10787.3129	0.0063
742.0	864.0	10572.8017	0.1136
660.0	398.0	9886.8452	0.4566
964.0	363.0	10783.7059	0.0081
163.0	511.0	10691.3650	0.0543
315.0	694.0	10398.4268	0.2008
854.0	640.0	10784.4132	0.0078
577.0	551.0	10694.6650	0.0527
688.0	798.0	10558.6410	0.1207
223.0	689.0	10752.2814	0.0239
665.0	858.0	10720.5171	0.0397
943.0	217.0	10783.5403	0.0082
119.0	364.0	10725.3419	0.0373
335.0	662.0	10724.4741	0.0378
445.0	872.0	10682.1361	0.0589
488.0	474.0	10716.4468	0.0418
772.0	396.0	10656.6073	0.0717
286.0	380.0	10389.5697	0.2052
416.0	372.0	10572.3875	0.1138
495.0	432.0	10753.9835	0.0230
443.0	304.0	10780.5151	0.0097
762.0	660.0	10785.7003	0.0071
847.0	804.0	10726.9167	0.0365
710.0	489.0	10758.8783	0.0206
748.0	597.0	10784.9182	0.0075
649.0	723.0	10762.0106	0.0190
871.0	880.0	10782.0184	0.0090
863.0	73.0	10782.6862	0.0087
64.0	307.0	10782.2773	0.0089
573.0	361.0	10785.6628	0.0072
140.0	650.0	10750.3945	0.0248
990.0	776.0	10787.5821	0.0062
450.0	307.0	10588.2782	0.1059
911.0	554.0	10716.4111	0.0418
862.0	496.0	10625.6143	0.0872
247.0	467.0	10785.3806	0.0073
379.0	786.0	10783.8989	0.0081
572.0	369.0	10641.4290	0.0793
853.0	672.0	10706.2475	0.0469
771.0	896.0	10785.2189	0.0074
750.0	268.0	10751.3582	0.0243
277.0	792.0	10782.6204	0.0087
485.0	486.0	8713.5678	1.0432
810.0	435.0	10556.3876	0.1218
799.0	415.0	10786.2459	0.0069
191.0	520.0	10784.7413	0.0076
846.0	961.0	10782.2224	0.0089
448.0	291.0	10784.4614	0.0078
105.0	712.0	10782.7216	0.0086
661.0	274.0	10785.5989	0.0072
899.0	680.0	10783.3883	0.0083
701.0	265.0	10784.4725	0.0078
327.0	263.0	10784.4160	0.0078
773.0	356.0	10187.7660	0.3061
502.0	413.0	10752.1588	0.0239
465.0	798.0	10668.2145	0.0659
981.0	914.0	7138.2564	0.8794
849.0	652.0	10647.6551	0.0762
765.0	73.0	10784.8918	0.0076
556.0	206.0	10530.2867	0.1349
775.0	283.0	10651.6057	0.0742
943.0	756.0	10714.9518	0.0425
339.0	732.0	10577.7192	0.1111
603.0	271.0	10782.4344	0.0088
343.0	101.0	10784.0834	0.0080
309.0	450.0	10781.7583	0.0091
311.0	384.0	10789.0299	0.0055
776.0	152.0	10788.2444	0.0059
403.0	439.0	10156.3660	0.3218
817.0	547.0	10389.0492	0.2055
781.0	119.0	10647.3514	0.0763
673.0	163.0	10783.3795	0.0083
462.0	467.0	10308.3648	0.2458
330.0	598.0	10782.5376	0.0087
914.0	989.0	10783.5162	0.0082
829.0	142.0	10781.5939	0.0092
850.0	222.0	10785.8723	0.0071
285.0	790.0	10685.0906	0.0575
896.0	341.0	10664.9930	0.0675
164.0	291.0	10789.8147	0.0051
445.0	989.0	10784.7940	0.0076
893.0	738.0	10782.0322	0.0090
970.0	669.0	10783.7188	0.0081
775.0	332.0	10784.4554	0.0078
738.0	738.0	10533.8721	0.1331
575.0	617.0	10785.0086	0.0075
747.0	322.0	10786.2853	0.0069
416.0	67.0	10787.4911	0.0063
351.0	252.0	10245.6290	0.2772
671.0	211.0	10719.2786	0.0404
478.0	466.0	10789.6416	0.0052
290.0	72.0	10783.6355	0.0082
80.0	323.0	10783.8626	0.0081
672.0	499.0	10783.2568	0.0084
132.0	701.0	10785.6371	0.0072
307.0	409.0	10761.0737	0.0195
218.0	699.0	10782.2890	0.0089
261.0	206.0	10759.9858	0.0200
763.0	182.0	10643.0372	0.0785
765.0	889.0	10750.1406	0.0249
248.0	388.0	10335.3505	0.2323
465.0	603.0	9932.0224	0.4340
450.0	847.0	10749.5656	0.0252
516.0	685.0	10782.8145	0.0086
155.0	371.0	10715.2899	0.0424
636.0	274.0	10783.7754	0.0081
569.0	164.0	10623.9489	0.0880
632.0	258.0	10698.2348	0.0509
802.0	869.0	10784.0972	0.0080
818.0	976.0	10783.5246	0.0082
127.0	705.0	10785.0257	0.0075
112.0	460.0	10783.8400	0.0081
824.0	284.0	10624.3018	0.0878
146.0	344.0	10782.3487	0.0088
657.0	235.0	10716.9969	0.0415
402.0	934.0	10751.8794	0.0241
90.0	524.0	10782.9093	0.0085
834.0	225.0	10780.8719	0.0096
587.0	106.0	10785.9949	0.0070
341.0	124.0	10782.1925	0.0089
852.0	943.0	10751.9456	0.0240
386.0	184.0	10576.3999	0.1118
773.0	764.0	10788.8204	0.0056
960.0	602.0	10784.2003	0.0079
49.0	783.0	10781.6726	0.0092
683.0	305.0	10788.6063	0.0057
251.0	549.0	10437.8790	0.1811
348.0	781.0	10786.9813	0.0065
839.0	312.0	10782.6103	0.0087
347.0	349.0	10587.1781	0.1064
730.0	949.0	10783.8109	0.0081
787.0	751.0	10787.8880	0.0061
847.0	629.0	10547.7607	0.1261
471.0	913.0	10783.9329	0.0080
975.0	215.0	10783.6990	0.0082
284.0	176.0	10765.8580	0.0171
181.0	294.0	10784.5725	0.0077
88.0	445.0	10789.5448	0.0052
825.0	388.0	10787.6866	0.0062
265.0	736.0	10419.7116	0.1901
703.0	696.0	10782.5382	0.0087
856.0	953.0	10787.2803	0.0064
383.0	916.0	10781.1997	0.0094
842.0	822.0	10787.2882	0.0064
208.0	389.0	10682.3366	0.0588
683.0	896.0	10713.6683	0.0432
690.0	336.0	10141.1529	0.3294
335.0	690.0	10718.5611	0.0407
395.0	146.0	10697.5520	0.0512
483.0	430.0	10719.0807	0.0405
542.0	833.0	10786.7173	0.0066
602.0	511.0	10782.5432	0.0087
470.0	738.0	10360.2961	0.2199
692.0	139.0	10782.7025	0.0086
273.0	199.0	10763.3924	0.0183
942.0	245.0	10782.3286	0.0088
353.0	882.0	10724.0788	0.0380
384.0	57.0	10783.3054	0.0083
199.0	835.0	10761.2190	0.0194
267.0	99.0	10782.9038	0.0085
229.0	217.0	10781.5299	0.0092
969.0	771.0	10789.8031	0.0051
336.0	918.0	10789.4377	0.0053
191.0	645.0	10758.8293	0.0206
515.0	401.0	10782.2630	0.0089
815.0	344.0	10785.9380	0.0070
522.0	610.0	10751.2973	0.0244
214.0	942.0	10789.3829	0.0053
302.0	527.0	10608.0284	0.0960
801.0	820.0	10785.6915	0.0072
336.0	754.0	10753.8746	0.0231
148.0	695.0	10781.0773	0.0095
905.0	214.0	10749.0356	0.0255
878.0	722.0	10679.6353	0.0602
848.0	994.0	10783.0586	0.0085
900.0	677.0	10784.4664	0.0078
98.0	478.0	10781.8061	0.0091
87.0	242.0	10782.9170	0.0085
60.0	316.0	10782.9597	0.0085
391.0	377.0	10100.5428	0.3497
656.0	677.0	9628.4233	0.5858
863.0	535.0	10760.4524	0.0198
714.0	356.0	9925.9827	0.4370
807.0	129.0	10723.6252	0.0382
519.0	913.0	10782.4052	0.0088
238.0	808.0	10714.2536	0.0429
345.0	281.0	10785.5195	0.0072
607.0	585.0	7765.5588	1.1501
553.0	776.0	10786.1638	0.0069
253.0	918.0	10749.2756	0.0254
259.0	86.0	10782.2993	0.0089
782.0	421.0	10762.3642	0.0188
451.0	236.0	10623.7566	0.0881
897.0	55.0	10786.8330	0.0066
310.0	305.0	10786.4130	0.0068
461.0	690.0	10785.0585	0.0075
808.0	980.0	10783.7868	0.0081
520.0	617.0	10781.2772	0.0094
541.0	666.0	10784.5357	0.0077
661.0	500.0	10681.5478	0.0592
340.0	258.0	10785.1125	0.0074
739.0	830.0	10701.2795	0.0494
897.0	678.0	10753.3501	0.0233
729.0	300.0	10786.8674	0.0066
327.0	529.0	10342.4898	0.2288
175.0	48.0	7261.1410	0.6130
611.0	299.0	10685.1010	0.0574
543.0	839.0	10755.1667	0.0224
133.0	101.0	7372.7760	0.5305
95.0	428.0	10781.7727	0.0091
676.0	193.0	10782.9013	0.0085
341.0	125.0	10750.2406	0.0249
394.0	836.0	10590.3365	0.1048
722.0	509.0	10785.9872	0.0070
950.0	549.0	10756.8527	0.0216
794.0	49.0	10784.3326	0.0078
881.0	257.0	10750.5019	0.0247
798.0	958.0	10783.1608	0.0084
623.0	147.0	10782.2160	0.0089
810.0	109.0	10786.7670	0.0066
94.0	847.0	10733.4446	0.0333
954.0	822.0	10784.4705	0.0078
542.0	450.0	10110.4429	0.3448
418.0	712.0	10441.6505	0.1792
161.0	396.0	10754.6827	0.0227
906.0	64.0	10785.5473	0.0072
807.0	930.0	10722.3973	0.0388
384.0	908.0	10783.5456	0.0082
834.0	862.0	10781.7232	0.0091
969.0	587.0	10785.1777	0.0074
484.0	550.0	9696.1874	0.5519
473.0	779.0	10789.5904	0.0052
595.0	766.0	10782.7971	0.0086
138.0	824.0	10669.5482	0.0652
163.0	236.0	10653.7806	0.0731
106.0	220.0	10723.3647	0.0383
89.0	851.0	10787.0896	0.0065
721.0	787.0	10362.6956	0.2187
957.0	499.0	10782.8685	0.0086
403.0	75.0	10784.8425	0.0076
587.0	345.0	10785.1855	0.0074
964.0	73.0	10783.8947	0.0081
690.0	701.0	10781.5878	0.0092
747.0	567.0	10378.8151	0.2106
640.0	134.0	10745.6895	0.0272
918.0	395.0	10723.4095	0.0383
829.0	216.0	10691.0408	0.0545
139.0	780.0	10786.4091	0.0068
888.0	162.0	10714.4638	0.0428
701.0	913.0	10784.9745	0.0075
565.0	160.0	10788.0818	0.0060
792.0	605.0	10328.9764	0.2355
733.0	820.0	10732.4172	0.0338
464.0	825.0	10784.9553	0.0075
431.0	110.0	10787.9135	0.0060
728.0	610.0	10748.7553	0.0256
969.0	415.0	10782.3229	0.0088
769.0	545.0	10782.3017	0.0088
786.0	912.0	10629.8181	0.0851
632.0	58.0	10780.8349	0.0096
157.0	713.0	10784.4664	0.0078
517.0	656.0	10750.0681	0.0250
823.0	132.0	10781.2632	0.0094
928.0	518.0	10783.2720	0.0084
697.0	732.0	10141.5066	0.3292
764.0	358.0	10544.3869	0.1278
334.0	924.0	10788.1725	0.0059
187.0	790.0	10654.7556	0.0726
885.0	295.0	10672.8973	0.0636
425.0	529.0	9205.1729	0.7974
340.0	255.0	10783.1851	0.0084
512.0	73.0	10751.8469	0.0241
812.0	931.0	10784.5164	0.0077
584.0	91.0	10718.2763	0.0409
332.0	826.0	10783.3128	0.0083
405.0	596.0	10090.2084	0.3549
7.0	481.0	7438.8803	0.7934
321.0	301.0	10697.6274	0.0512
394.0	914.0	10782.7976	0.0086
974.0	447.0	10781.7454	0.0091
518.0	30.0	10789.5348	0.0052
658.0	823.0	10677.7244	0.0611
769.0	205.0	10381.8081	0.2091
212.0	425.0	10645.6201	0.0772
760.0	140.0	10691.9977	0.0540
501.0	793.0	10693.8896	0.0531
549.0	369.0	10782.5397	0.0087
524.0	403.0	10782.1782	0.0089
803.0	222.0	10785.1919	0.0074
54.0	883.0	10788.1876	0.0059
712.0	702.0	10786.7884	0.0066
918.0	708.0	10782.9139	0.0085
773.0	115.0	10785.6932	0.0072
913.0	828.0	10783.3142	0.0083
793.0	293.0	10748.6945	0.0257
214.0	188.0	10786.6841	0.0067
750.0	126.0	10783.3368	0.0083
438.0	580.0	10549.3416	0.1253
843.0	320.0	10160.9058	0.3195
203.0	158.0	10783.4433	0.0083
687.0	702.0	10781.6215	0.0092
368.0	888.0	10785.1506	0.0074
166.0	786.0	10788.7950	0.0056
415.0	121.0	10718.8247	0.0406
782.0	66.0	10781.9818	0.0090
871.0	118.0	10785.5109	0.0072
634.0	747.0	10327.2363	0.2364
516.0	676.0	10782.4648	0.0088
293.0	849.0	10729.5890	0.0352
624.0	171.0	10781.8605	0.0091
878.0	600.0	10784.9934	0.0075
48.0	126.0	10783.7274	0.0081
408.0	770.0	10570.9888	0.1145
291.0	716.0	10753.5006	0.0232
508.0	221.0	10452.5954	0.1737
123.0	422.0	10754.2978	0.0229
663.0	569.0	10224.8140	0.2876
365.0	657.0	10106.4732	0.3468
917.0	356.0	10790.0958	0.0050
429.0	425.0	10783.2852	0.0084
568.0	636.0	10783.6953	0.0082
326.0	582.0	10543.5618	0.1282
667.0	111.0	10782.1034	0.0089
281.0	162.0	10761.2124	0.0194
347.0	519.0	10573.5608	0.1132
168.0	907.0	10782.9259	0.0085
957.0	308.0	10752.0632	0.0240
192.0	746.0	10526.9442	0.1365
983.0	590.0	10787.2883	0.0064
404.0	537.0	10361.6568	0.2192
883.0	271.0	10726.9233	0.0365
232.0	622.0	10510.0639	0.1450
935.0	494.0	10783.0539	0.0085
896.0	721.0	10784.8670	0.0076
546.0	302.0	10783.2581	0.0084
934.0	438.0	10757.5346	0.0212
