500.0 500.0
523.0	432.0	8883.4916	0.9583
458.0	468.0	9882.6996	0.4587
581.0	357.0	10783.2569	0.0084
525.0	402.0	10781.4778	0.0093
455.0	576.0	10523.9757	0.1380
367.0	424.0	10785.5821	0.0072
428.0	417.0	10146.6530	0.3267
457.0	314.0	10129.7765	0.3351
429.0	479.0	9540.3565	0.6298
597.0	351.0	10783.9219	0.0080
580.0	264.0	10783.4750	0.0083
455.0	504.0	8766.4167	1.0168
348.0	595.0	10748.6211	0.0257
315.0	378.0	10440.3946	0.1798
367.0	366.0	10747.0420	0.0265
385.0	612.0	10746.9602	0.0265
518.0	411.0	10750.2763	0.0249
523.0	605.0	10755.7824	0.0221
261.0	383.0	10654.8803	0.0726
297.0	653.0	10782.1928	0.0089
497.0	344.0	10750.1834	0.0249
426.0	409.0	10781.5995	0.0092
548.0	510.0	9753.2021	0.5234
555.0	595.0	10785.7180	0.0071
498.0	363.0	10784.5041	0.0077
391.0	313.0	10781.0008	0.0095
412.0	309.0	10440.4086	0.1798
359.0	602.0	9842.3242	0.4788
426.0	624.0	10781.6444	0.0092
514.0	261.0	10132.7477	0.3336
667.0	602.0	9673.3881	0.5633
420.0	575.0	8902.4296	0.9488
333.0	450.0	10715.7132	0.0421
332.0	624.0	10782.7859	0.0086
731.0	612.0	10754.9392	0.0225
628.0	259.0	10751.1227	0.0244
234.0	567.0	10782.9263	0.0085
469.0	272.0	10782.3196	0.0088
486.0	188.0	10782.2192	0.0089
547.0	350.0	10784.8155	0.0076
298.0	251.0	10625.4566	0.0873
548.0	557.0	10546.9979	0.1265
576.0	165.0	10783.7622	0.0081
472.0	467.0	10788.8657	0.0056
363.0	558.0	10757.5292	0.0212
538.0	143.0	10785.5468	0.0072
568.0	174.0	10787.4839	0.0063
389.0	162.0	10751.0700	0.0245
750.0	635.0	10389.6162	0.2052
735.0	596.0	9872.4136	0.4638
383.0	645.0	10138.9360	0.3305
228.0	417.0	10785.2160	0.0074
483.0	660.0	10782.4736	0.0088
461.0	404.0	10785.5879	0.0072
474.0	537.0	10596.1932	0.1019
345.0	690.0	10257.6387	0.2712
659.0	494.0	10783.6230	0.0082
430.0	595.0	10783.8084	0.0081
147.0	603.0	10624.4584	0.0878
171.0	313.0	10758.4885	0.0208
433.0	328.0	10751.5070	0.0242
534.0	471.0	10789.2246	0.0054
210.0	304.0	10786.5731	0.0067
592.0	574.0	10041.5770	0.3792
541.0	459.0	10785.6843	0.0072
585.0	56.0	10762.5317	0.0187
449.0	503.0	10788.4937	0.0058
520.0	353.0	10718.3750	0.0408
597.0	645.0	10782.3961	0.0088
275.0	459.0	10786.2053	0.0069
310.0	483.0	10683.2234	0.0584
603.0	582.0	10754.7338	0.0226
592.0	445.0	10780.9119	0.0095
509.0	246.0	10788.3891	0.0058
129.0	539.0	10786.1500	0.0069
487.0	379.0	10073.4991	0.3633
312.0	319.0	10783.2981	0.0084
408.0	91.0	10783.4816	0.0083
203.0	356.0	10752.7111	0.0236
408.0	435.0	10681.8593	0.0591
267.0	303.0	10662.6378	0.0687
548.0	651.0	10751.7487	0.0241
841.0	709.0	10787.2725	0.0064
658.0	424.0	9623.5702	0.5882
736.0	694.0	10459.4375	0.1703
221.0	684.0	10788.2100	0.0059
226.0	187.0	10783.7719	0.0081
488.0	583.0	10702.1533	0.0489
684.0	170.0	10784.3373	0.0078
783.0	807.0	10647.6830	0.0762
61.0	664.0	10785.7348	0.0071
217.0	495.0	10786.6682	0.0067
638.0	575.0	10239.7971	0.2801
527.0	251.0	10783.8161	0.0081
648.0	189.0	10783.0668	0.0085
476.0	593.0	10787.2039	0.0064
222.0	334.0	10748.2998	0.0259
351.0	484.0	10715.6279	0.0422
457.0	515.0	10788.5684	0.0057
811.0	619.0	10711.0994	0.0445
444.0	592.0	10786.1484	0.0069
628.0	610.0	10783.3225	0.0083
122.0	598.0	10791.1860	0.0044
573.0	463.0	10786.0160	0.0070
593.0	579.0	9666.8421	0.5666
562.0	328.0	10786.9396	0.0065
214.0	356.0	10504.4660	0.1478
160.0	449.0	10601.8637	0.0991
205.0	345.0	10783.3672	0.0083
771.0	412.0	10752.4488	0.0238
535.0	156.0	10788.3436	0.0058
846.0	461.0	10784.2738	0.0079
198.0	288.0	10750.5341	0.0247
859.0	415.0	10623.4738	0.0883
411.0	389.0	10747.5715	0.0262
627.0	585.0	10683.9674	0.0580
516.0	626.0	10751.3572	0.0243
143.0	325.0	10746.6893	0.0267
190.0	215.0	10784.7431	0.0076
418.0	264.0	10785.3847	0.0073
848.0	391.0	10782.8995	0.0086
135.0	306.0	10782.9594	0.0085
536.0	157.0	10788.0397	0.0060
532.0	373.0	9899.8822	0.4501
926.0	416.0	10752.7785	0.0236
159.0	243.0	10781.6227	0.0092
656.0	217.0	10627.9838	0.0860
356.0	477.0	10325.5961	0.2372
702.0	352.0	10445.7094	0.1771
493.0	146.0	10783.2872	0.0084
504.0	625.0	9956.0659	0.4220
176.0	712.0	10658.4365	0.0708
361.0	324.0	10785.5319	0.0072
753.0	244.0	10621.6154	0.0892
255.0	409.0	10783.6674	0.0082
489.0	662.0	10781.5182	0.0092
859.0	857.0	10784.8171	0.0076
811.0	730.0	10458.0254	0.1710
155.0	299.0	10782.4290	0.0088
601.0	665.0	10784.4517	0.0078
514.0	487.0	10164.7055	0.3176
419.0	744.0	10787.0960	0.0065
852.0	637.0	10782.9690	0.0085
605.0	595.0	10753.7289	0.0231
486.0	405.0	10724.5372	0.0377
623.0	274.0	10313.1776	0.2434
729.0	744.0	10583.2222	0.1084
819.0	465.0	10706.2242	0.0469
701.0	283.0	10517.1671	0.1414
588.0	677.0	10786.2652	0.0069
218.0	659.0	10610.4649	0.0948
76.0	366.0	10783.7497	0.0081
447.0	381.0	10784.1678	0.0079
222.0	196.0	10784.2693	0.0079
307.0	550.0	10717.0433	0.0415
420.0	350.0	9965.2368	0.4174
999.0	490.0	10784.9813	0.0075
239.0	150.0	10753.1825	0.0234
97.0	712.0	10781.1415	0.0094
143.0	384.0	10680.3678	0.0598
95.0	540.0	10784.5596	0.0077
537.0	290.0	10757.2601	0.0214
633.0	655.0	10782.0785	0.0090
346.0	363.0	10750.8988	0.0246
221.0	634.0	10277.0437	0.2615
409.0	631.0	10782.3952	0.0088
413.0	412.0	10752.5403	0.0237
515.0	794.0	10442.1260	0.1789
673.0	370.0	10783.9027	0.0080
673.0	56.0	10786.0669	0.0070
111.0	342.0	10782.5386	0.0087
501.0	145.0	10783.4062	0.0083
287.0	85.0	10729.9108	0.0350
872.0	486.0	10785.2490	0.0074
227.0	74.0	10783.3142	0.0083
524.0	32.0	10785.3479	0.0073
449.0	172.0	10729.4810	0.0353
307.0	571.0	10787.2767	0.0064
783.0	348.0	10781.6681	0.0092
714.0	143.0	10788.6532	0.0057
826.0	876.0	10790.7855	0.0046
742.0	680.0	10784.8368	0.0076
715.0	455.0	10470.5710	0.1647
991.0	358.0	10788.4117	0.0058
126.0	537.0	10785.0895	0.0075
72.0	314.0	10783.2124	0.0084
583.0	100.0	10715.2125	0.0424
484.0	817.0	10789.9568	0.0050
243.0	431.0	10783.3551	0.0083
498.0	341.0	10782.4176	0.0088
344.0	643.0	10783.4472	0.0083
777.0	648.0	10785.4572	0.0073
815.0	290.0	10585.8271	0.1071
290.0	198.0	10730.3696	0.0348
235.0	136.0	10787.0816	0.0065
423.0	756.0	10783.9068	0.0080
696.0	558.0	10714.4896	0.0428
463.0	215.0	10784.6000	0.0077
459.0	97.0	10748.7113	0.0256
580.0	445.0	10782.2525	0.0089
228.0	188.0	10783.1984	0.0084
847.0	607.0	10780.7815	0.0096
753.0	766.0	10586.8662	0.1066
200.0	298.0	10785.9964	0.0070
868.0	534.0	10782.1141	0.0089
223.0	450.0	10559.4742	0.1203
270.0	444.0	10784.6712	0.0077
131.0	432.0	10790.6579	0.0047
481.0	680.0	10097.7159	0.3511
294.0	720.0	10609.2948	0.0954
576.0	454.0	10386.8829	0.2066
381.0	452.0	9835.2124	0.4824
801.0	256.0	10759.1628	0.0204
136.0	319.0	10784.0605	0.0080
556.0	578.0	10509.6472	0.1452
711.0	174.0	10753.5911	0.0232
925.0	447.0	10720.7786	0.0396
734.0	798.0	10782.7306	0.0086
276.0	721.0	10784.0028	0.0080
672.0	25.0	10785.3685	0.0073
746.0	585.0	10786.2082	0.0069
512.0	546.0	10009.7114	0.3951
522.0	557.0	9674.6656	0.5627
447.0	419.0	10030.2989	0.3849
275.0	476.0	10750.7258	0.0246
835.0	489.0	10753.4165	0.0233
361.0	482.0	10723.8449	0.0381
335.0	370.0	10784.1473	0.0079
544.0	442.0	10274.1876	0.2629
634.0	103.0	10751.7452	0.0241
484.0	802.0	10751.4262	0.0243
653.0	555.0	10786.4133	0.0068
917.0	734.0	10761.1293	0.0194
781.0	463.0	10556.3958	0.1218
670.0	106.0	10785.1810	0.0074
729.0	303.0	10787.0570	0.0065
914.0	557.0	10663.0250	0.0685
515.0	199.0	10448.8748	0.1756
843.0	368.0	10720.2255	0.0399
433.0	687.0	10651.2001	0.0744
224.0	55.0	10785.3544	0.0073
845.0	960.0	10784.6579	0.0077
394.0	235.0	10384.8688	0.2076
160.0	806.0	10755.6510	0.0222
166.0	753.0	10748.0254	0.0260
653.0	464.0	10397.5023	0.2012
221.0	293.0	10661.4684	0.0693
763.0	545.0	10783.8518	0.0081
767.0	337.0	10782.7041	0.0086
732.0	301.0	10787.2825	0.0064
105.0	723.0	10718.0914	0.0410
325.0	109.0	10740.8429	0.0296
883.0	615.0	10749.7344	0.0251
927.0	775.0	10791.6618	0.0042
532.0	570.0	10782.9586	0.0085
376.0	429.0	10296.7032	0.2516
92.0	733.0	10751.4613	0.0243
811.0	901.0	10765.6546	0.0172
245.0	351.0	10487.4261	0.1563
788.0	362.0	10715.6234	0.0422
666.0	543.0	10428.6498	0.1857
583.0	620.0	10749.9637	0.0250
578.0	335.0	10786.2013	0.0069
379.0	527.0	10514.4708	0.1428
737.0	536.0	10782.3223	0.0088
736.0	534.0	10461.6972	0.1692
912.0	302.0	10785.7035	0.0071
361.0	398.0	10784.1218	0.0079
285.0	229.0	10681.9184	0.0590
850.0	562.0	10647.3936	0.0763
582.0	804.0	10692.4375	0.0538
534.0	664.0	10785.5830	0.0072
571.0	723.0	10783.7591	0.0081
221.0	673.0	10746.7579	0.0266
278.0	54.0	10783.2572	0.0084
772.0	801.0	10624.0247	0.0880
678.0	828.0	10723.5633	0.0382
944.0	370.0	10756.3200	0.0218
87.0	738.0	10782.3409	0.0088
798.0	874.0	10648.0002	0.0760
573.0	174.0	10785.3659	0.0073
763.0	172.0	10782.5995	0.0087
668.0	480.0	10783.5254	0.0082
645.0	75.0	10782.6685	0.0087
254.0	711.0	10681.2139	0.0594
148.0	881.0	10782.6834	0.0087
557.0	847.0	10499.8220	0.1501
692.0	110.0	10784.8254	0.0076
326.0	757.0	10500.1504	0.1499
864.0	401.0	10782.7944	0.0086
677.0	174.0	10638.3267	0.0808
758.0	169.0	10781.4690	0.0093
260.0	488.0	10752.9204	0.0235
362.0	192.0	10560.8885	0.1196
272.0	269.0	10783.3552	0.0083
738.0	668.0	10010.3801	0.3948
491.0	194.0	10783.0896	0.0085
839.0	775.0	10585.3104	0.1073
260.0	288.0	10782.2338	0.0089
908.0	379.0	10746.8456	0.0266
144.0	283.0	10711.5403	0.0442
657.0	84.0	10786.3745	0.0068
738.0	736.0	10784.9481	0.0075
412.0	411.0	10784.2037	0.0079
838.0	793.0	10753.1628	0.0234
440.0	279.0	10525.7778	0.1371
81.0	634.0	10717.9680	0.0410
411.0	612.0	10671.8448	0.0641
239.0	405.0	10694.1642	0.0529
345.0	655.0	10782.2513	0.0089
473.0	553.0	10606.8581	0.0966
190.0	906.0	10788.4130	0.0058
976.0	344.0	10781.8605	0.0091
797.0	584.0	10747.2507	0.0264
997.0	536.0	10790.0279	0.0050
85.0	344.0	10750.9564	0.0245
19.0	747.0	10782.4443	0.0088
563.0	427.0	10782.0904	0.0090
15.0	342.0	10783.3217	0.0083
281.0	587.0	10229.4197	0.2853
564.0	633.0	10781.7310	0.0091
886.0	888.0	10758.5512	0.0207
110.0	783.0	10784.6027	0.0077
912.0	328.0	10747.7392	0.0261
394.0	78.0	10783.8572	0.0081
87.0	236.0	10781.9286	0.0090
103.0	374.0	10782.2517	0.0089
578.0	947.0	10758.0434	0.0210
339.0	117.0	10547.3842	0.1263
830.0	651.0	10754.6797	0.0227
939.0	626.0	10786.5246	0.0067
297.0	649.0	10374.3628	0.2128
309.0	308.0	10784.7817	0.0076
339.0	844.0	10787.7167	0.0061
575.0	337.0	10329.7837	0.2351
267.0	393.0	10323.4461	0.2383
655.0	235.0	10599.2351	0.1004
697.0	762.0	10682.8928	0.0586
321.0	399.0	10785.9699	0.0070
388.0	350.0	10281.1335	0.2594
970.0	785.0	10782.6687	0.0087
750.0	340.0	10785.4561	0.0073
885.0	221.0	10791.3211	0.0043
924.0	243.0	10787.2051	0.0064
879.0	866.0	10788.8031	0.0056
324.0	628.0	10784.9905	0.0075
901.0	211.0	10762.9824	0.0185
993.0	465.0	10784.6801	0.0077
419.0	865.0	10784.4350	0.0078
495.0	783.0	10233.9182	0.2830
250.0	504.0	10786.4023	0.0068
573.0	139.0	10684.8923	0.0576
444.0	613.0	10628.4377	0.0858
131.0	208.0	10782.1683	0.0089
292.0	440.0	10355.6668	0.2222
37.0	620.0	10788.8741	0.0056
107.0	111.0	7002.0504	0.6106
226.0	504.0	10783.4958	0.0083
966.0	552.0	10732.1118	0.0339
861.0	209.0	10782.6191	0.0087
830.0	656.0	10782.7779	0.0086
526.0	958.0	10783.9160	0.0080
189.0	356.0	10683.7314	0.0581
572.0	305.0	10475.5924	0.1622
142.0	66.0	7474.3078	0.7001
886.0	351.0	10672.6085	0.0637
974.0	740.0	10787.0091	0.0065
883.0	427.0	10782.2928	0.0089
263.0	574.0	10788.1010	0.0059
593.0	77.0	10785.0247	0.0075
698.0	931.0	10788.0782	0.0060
396.0	753.0	10782.1536	0.0089
480.0	219.0	10626.4080	0.0868
666.0	145.0	10716.5457	0.0417
269.0	967.0	10750.7855	0.0246
319.0	886.0	10781.9239	0.0090
688.0	410.0	10372.4953	0.2138
10.0	653.0	10783.4400	0.0083
920.0	953.0	10783.8472	0.0081
602.0	913.0	10678.5506	0.0607
165.0	670.0	10375.0672	0.2125
596.0	474.0	9663.4036	0.5683
674.0	98.0	10753.7438	0.0231
220.0	722.0	10783.6093	0.0082
331.0	482.0	10665.3750	0.0673
252.0	526.0	10783.9860	0.0080
573.0	472.0	10783.1971	0.0084
161.0	337.0	10785.9149	0.0070
330.0	313.0	10345.7535	0.2271
466.0	407.0	10786.0908	0.0070
591.0	970.0	10785.7375	0.0071
976.0	211.0	10783.0000	0.0085
554.0	899.0	10672.6470	0.0637
901.0	777.0	10634.2868	0.0829
351.0	653.0	10783.0158	0.0085
103.0	569.0	10787.4088	0.0063
702.0	245.0	10681.8646	0.0591
179.0	357.0	10716.8314	0.0416
293.0	31.0	10787.8812	0.0061
276.0	176.0	10748.1847	0.0259
86.0	760.0	10789.3128	0.0053
775.0	232.0	10716.0378	0.0420
250.0	520.0	10783.1325	0.0084
117.0	270.0	10785.3525	0.0073
650.0	814.0	10784.5583	0.0077
791.0	880.0	10783.9948	0.0080
125.0	669.0	10655.9423	0.0720
133.0	307.0	10784.4474	0.0078
198.0	796.0	10784.3991	0.0078
568.0	676.0	10783.7144	0.0081
447.0	741.0	10111.4826	0.3443
998.0	475.0	10783.1527	0.0084
534.0	456.0	10787.2146	0.0064
789.0	165.0	10752.1831	0.0239
75.0	748.0	10789.1946	0.0054
782.0	773.0	10785.4050	0.0073
721.0	97.0	10782.6183	0.0087
555.0	174.0	10706.4134	0.0468
891.0	477.0	10783.5578	0.0082
241.0	741.0	10699.3230	0.0503
196.0	490.0	10785.6948	0.0072
434.0	729.0	10784.7393	0.0076
364.0	322.0	10785.1928	0.0074
885.0	516.0	10785.4511	0.0073
469.0	870.0	10784.5962	0.0077
478.0	829.0	10760.3544	0.0198
502.0	419.0	10656.6011	0.0717
479.0	466.0	9222.4930	0.7888
322.0	425.0	10077.7308	0.3611
177.0	736.0	10782.2467	0.0089
615.0	416.0	10297.1834	0.2514
853.0	117.0	10781.3496	0.0093
238.0	772.0	10782.0056	0.0090
631.0	269.0	10624.5079	0.0877
210.0	771.0	10716.3529	0.0418
79.0	129.0	7261.1410	0.6130
54.0	77.0	7372.7760	0.5305
441.0	210.0	10784.0294	0.0080
995.0	402.0	10783.7103	0.0081
269.0	855.0	10646.6900	0.0767
919.0	228.0	10787.4302	0.0063
74.0	537.0	10784.6997	0.0077
111.0	479.0	10666.6963	0.0667
864.0	341.0	10746.7390	0.0266
788.0	416.0	10213.5188	0.2932
645.0	919.0	10788.9840	0.0055
734.0	614.0	10784.8955	0.0076
112.0	737.0	10784.6019	0.0077
349.0	215.0	10787.7042	0.0061
104.0	337.0	10783.0215	0.0085
818.0	265.0	10783.2585	0.0084
234.0	888.0	10678.5239	0.0607
296.0	525.0	10749.8435	0.0251
528.0	971.0	10783.7534	0.0081
300.0	812.0	10547.8801	0.1261
647.0	196.0	10782.8100	0.0086
625.0	834.0	10788.4385	0.0058
746.0	237.0	10784.6431	0.0077
812.0	949.0	10781.3446	0.0093
649.0	928.0	10788.4922	0.0058
306.0	36.0	10781.8698	0.0091
839.0	859.0	10681.4072	0.0593
713.0	885.0	10754.3906	0.0228
516.0	185.0	10649.6125	0.0752
768.0	599.0	10752.5203	0.0237
546.0	147.0	10784.6456	0.0077
739.0	727.0	10401.9207	0.1990
770.0	352.0	10568.5173	0.1157
530.0	411.0	10748.3804	0.0258
711.0	726.0	10754.9279	0.0225
954.0	375.0	10783.8840	0.0081
535.0	567.0	10782.7719	0.0086
255.0	302.0	10784.8696	0.0076
720.0	274.0	10790.9010	0.0045
123.0	103.0	7438.8803	0.7934
859.0	839.0	10783.7428	0.0081
975.0	583.0	10784.4386	0.0078
539.0	501.0	9519.5587	0.6402
748.0	801.0	10784.0378	0.0080
949.0	717.0	10782.9898	0.0085
257.0	430.0	10782.0290	0.0090
341.0	385.0	10782.6265	0.0087
71.0	668.0	10786.1611	0.0069
400.0	745.0	10785.4802	0.0073
258.0	439.0	10782.7634	0.0086
721.0	398.0	9749.1335	0.5254
779.0	600.0	10688.8188	0.0556
710.0	572.0	10170.0971	0.3150
646.0	827.0	10784.4460	0.0078
366.0	438.0	10783.6842	0.0082
201.0	928.0	10732.9111	0.0335
610.0	558.0	10336.8676	0.2316
800.0	572.0	10553.1194	0.1234
604.0	997.0	10786.4932	0.0068
341.0	53.0	10785.4400	0.0073
317.0	975.0	10788.8006	0.0056
943.0	311.0	10783.8476	0.0081
965.0	275.0	10782.6290	0.0087
867.0	234.0	10618.7870	0.0906
833.0	353.0	10544.5297	0.1277
