500.0 500.0
510.0	583.0	10733.5765	0.0332
512.0	466.0	10163.8164	0.3181
559.0	666.0	10701.1730	0.0494
619.0	537.0	9568.5159	0.6157
417.0	513.0	10789.2865	0.0054
312.0	511.0	10784.3409	0.0078
519.0	669.0	10781.4780	0.0093
552.0	542.0	10784.6618	0.0077
569.0	390.0	10788.0964	0.0060
605.0	716.0	10784.0759	0.0080
370.0	617.0	10698.4672	0.0508
459.0	694.0	10786.1655	0.0069
694.0	511.0	10780.8691	0.0096
433.0	414.0	10370.3624	0.2148
556.0	441.0	10724.1165	0.0379
341.0	437.0	10785.7105	0.0071
599.0	535.0	10652.3291	0.0738
642.0	445.0	10725.6090	0.0372
635.0	755.0	10784.9821	0.0075
587.0	776.0	10650.1048	0.0749
401.0	351.0	10784.4909	0.0078
345.0	457.0	10303.0236	0.2485
278.0	564.0	10615.8111	0.0921
632.0	611.0	10783.5641	0.0082
418.0	509.0	10601.8499	0.0991
633.0	343.0	9939.5867	0.4302
618.0	384.0	10786.5195	0.0067
267.0	558.0	10785.2530	0.0074
721.0	376.0	10783.9535	0.0080
639.0	482.0	10253.0989	0.2735
284.0	674.0	10782.8820	0.0086
393.0	451.0	10306.8178	0.2466
595.0	297.0	10555.1744	0.1224
565.0	621.0	10787.0800	0.0065
631.0	255.0	10702.3808	0.0488
483.0	312.0	10785.3168	0.0073
578.0	631.0	10782.9423	0.0085
538.0	309.0	10782.6001	0.0087
536.0	569.0	8787.0317	1.0065
469.0	681.0	10309.4637	0.2453
675.0	188.0	10783.7049	0.0081
223.0	697.0	10581.6095	0.1092
516.0	496.0	10602.9374	0.0985
536.0	793.0	10686.4333	0.0568
728.0	695.0	10756.5268	0.0217
603.0	731.0	10781.3835	0.0093
417.0	549.0	10762.0277	0.0190
461.0	227.0	10612.4388	0.0938
225.0	514.0	10784.0744	0.0080
477.0	849.0	10754.8004	0.0226
565.0	471.0	9239.6982	0.7802
557.0	199.0	10790.0774	0.0050
566.0	821.0	10748.4287	0.0258
350.0	542.0	10582.5745	0.1087
580.0	895.0	10781.9003	0.0090
123.0	679.0	10783.0086	0.0085
341.0	312.0	10681.2181	0.0594
715.0	447.0	10751.9557	0.0240
712.0	608.0	10784.7255	0.0076
404.0	448.0	10469.6450	0.1652
391.0	380.0	10029.4205	0.3853
561.0	747.0	10679.7274	0.0601
419.0	582.0	10671.1288	0.0644
266.0	742.0	10610.1181	0.0949
364.0	542.0	10783.5083	0.0082
738.0	730.0	10719.2084	0.0404
675.0	505.0	10784.3448	0.0078
707.0	313.0	10781.7529	0.0091
577.0	415.0	10419.2624	0.1904
109.0	492.0	10784.6022	0.0077
300.0	486.0	10782.9334	0.0085
481.0	702.0	10780.8381	0.0096
765.0	379.0	10784.7435	0.0076
475.0	409.0	10072.7987	0.3636
335.0	405.0	10311.4662	0.2443
188.0	650.0	10754.1055	0.0229
628.0	678.0	10754.8650	0.0226
376.0	473.0	10534.5881	0.1327
728.0	550.0	10751.7792	0.0241
340.0	431.0	10785.3594	0.0073
768.0	209.0	10782.4272	0.0088
731.0	332.0	10787.5467	0.0062
778.0	359.0	10785.0780	0.0075
402.0	308.0	10786.7580	0.0066
395.0	688.0	10718.3418	0.0408
367.0	738.0	10786.9776	0.0065
451.0	217.0	10791.7632	0.0041
564.0	773.0	10785.4842	0.0073
730.0	95.0	10785.8326	0.0071
626.0	382.0	10786.1443	0.0069
784.0	421.0	10783.6765	0.0082
757.0	372.0	10786.3626	0.0068
378.0	498.0	10452.3864	0.1738
778.0	394.0	10698.5330	0.0507
612.0	412.0	9853.0308	0.4735
99.0	754.0	10683.8363	0.0581
473.0	108.0	10783.6376	0.0082
376.0	767.0	10417.4325	0.1913
605.0	652.0	10782.2983	0.0089
626.0	483.0	10783.2967	0.0084
526.0	358.0	10327.9245	0.2360
388.0	580.0	10783.5055	0.0082
283.0	241.0	10688.7087	0.0556
815.0	253.0	10783.7062	0.0081
564.0	685.0	10784.8290	0.0076
255.0	507.0	10786.1354	0.0069
444.0	608.0	10251.7309	0.2741
302.0	452.0	10544.9263	0.1275
268.0	527.0	10784.0819	0.0080
296.0	410.0	10783.1633	0.0084
568.0	713.0	10782.4246	0.0088
622.0	503.0	10781.8677	0.0091
629.0	912.0	10752.2070	0.0239
280.0	597.0	10515.9920	0.1420
281.0	675.0	10782.7517	0.0086
423.0	450.0	10313.4442	0.2433
365.0	592.0	10783.3778	0.0083
393.0	293.0	10782.4624	0.0088
273.0	514.0	10749.3809	0.0253
133.0	638.0	10784.5254	0.0077
707.0	258.0	10401.7143	0.1991
223.0	523.0	10783.4355	0.0083
199.0	453.0	10686.5364	0.0567
561.0	730.0	10784.9088	0.0075
520.0	156.0	10749.8503	0.0251
517.0	681.0	10611.7872	0.0941
499.0	649.0	10752.8375	0.0236
378.0	272.0	10781.0528	0.0095
212.0	453.0	10783.8326	0.0081
693.0	141.0	10782.1616	0.0089
366.0	728.0	10788.3325	0.0058
616.0	525.0	10718.1862	0.0409
640.0	142.0	10748.1058	0.0259
421.0	123.0	10782.9630	0.0085
527.0	724.0	10645.3742	0.0773
333.0	565.0	10050.7675	0.3746
687.0	612.0	10786.4075	0.0068
849.0	362.0	10716.8643	0.0416
45.0	766.0	10786.7816	0.0066
442.0	441.0	10026.7811	0.3866
361.0	646.0	10158.3107	0.3208
202.0	643.0	10783.9193	0.0080
310.0	518.0	10784.2423	0.0079
670.0	416.0	10357.6910	0.2212
745.0	414.0	10782.6110	0.0087
678.0	403.0	10785.9577	0.0070
196.0	608.0	10678.9633	0.0605
579.0	833.0	10679.8556	0.0601
685.0	182.0	10781.2183	0.0094
538.0	480.0	10466.7164	0.1666
531.0	837.0	10786.6626	0.0067
313.0	500.0	10599.1185	0.1004
445.0	212.0	10716.4650	0.0418
337.0	284.0	10526.4985	0.1368
784.0	671.0	10589.0344	0.1055
451.0	793.0	10723.7280	0.0381
190.0	745.0	10783.6931	0.0082
224.0	654.0	10781.1464	0.0094
547.0	507.0	9653.0256	0.5735
519.0	279.0	10335.6666	0.2322
295.0	310.0	10782.0621	0.0090
189.0	508.0	10783.8403	0.0081
790.0	247.0	10785.7318	0.0071
542.0	993.0	10784.4058	0.0078
679.0	420.0	10752.0494	0.0240
306.0	703.0	10538.1600	0.1309
192.0	241.0	10684.2817	0.0579
338.0	609.0	10328.7492	0.2356
610.0	340.0	10782.9489	0.0085
525.0	68.0	10787.3086	0.0063
847.0	732.0	10789.6532	0.0052
554.0	217.0	10620.8518	0.0896
287.0	314.0	10783.0028	0.0085
563.0	194.0	10787.7468	0.0061
585.0	414.0	10758.1395	0.0209
393.0	918.0	10749.9038	0.0250
500.0	937.0	10788.3549	0.0058
709.0	327.0	9971.3479	0.4143
621.0	843.0	10680.7288	0.0596
845.0	776.0	10506.8961	0.1466
490.0	367.0	10783.0707	0.0085
228.0	605.0	10660.4241	0.0698
773.0	289.0	10716.6134	0.0417
191.0	375.0	10727.1224	0.0364
328.0	884.0	10714.8970	0.0426
603.0	82.0	10783.5312	0.0082
261.0	534.0	10750.4368	0.0248
842.0	283.0	10752.4120	0.0238
686.0	118.0	10754.4223	0.0228
471.0	733.0	10651.9684	0.0740
489.0	456.0	9853.0747	0.4735
502.0	22.0	10784.4480	0.0078
373.0	263.0	10784.3366	0.0078
485.0	660.0	10477.7629	0.1611
265.0	257.0	10650.0527	0.0750
442.0	965.0	10784.9693	0.0075
265.0	616.0	10783.2142	0.0084
290.0	819.0	10721.7295	0.0391
586.0	862.0	10785.5512	0.0072
163.0	679.0	10782.8270	0.0086
477.0	743.0	10782.3288	0.0088
874.0	825.0	10756.7284	0.0216
291.0	648.0	10781.9696	0.0090
215.0	844.0	10750.3200	0.0248
965.0	386.0	10758.0166	0.0210
475.0	743.0	10783.1969	0.0084
70.0	705.0	10784.4103	0.0078
595.0	177.0	10785.1319	0.0074
613.0	184.0	10781.8756	0.0091
250.0	510.0	10785.6347	0.0072
193.0	707.0	10725.1276	0.0374
425.0	336.0	10747.3880	0.0263
293.0	257.0	10780.9164	0.0095
687.0	500.0	10783.4410	0.0083
286.0	272.0	10783.7107	0.0081
798.0	203.0	10757.5425	0.0212
525.0	956.0	10782.6420	0.0087
439.0	909.0	10783.8091	0.0081
189.0	779.0	10753.1080	0.0234
587.0	480.0	10658.8474	0.0706
568.0	63.0	10781.7618	0.0091
489.0	380.0	10750.4030	0.0248
620.0	244.0	10759.6932	0.0202
951.0	315.0	10785.9958	0.0070
397.0	298.0	10782.9230	0.0085
683.0	925.0	10787.0963	0.0065
656.0	180.0	10716.9250	0.0415
381.0	360.0	10651.5473	0.0742
113.0	309.0	10760.9427	0.0195
793.0	263.0	10732.7410	0.0336
328.0	578.0	10715.6900	0.0422
67.0	438.0	10786.0438	0.0070
235.0	655.0	10623.4276	0.0883
382.0	66.0	10782.9986	0.0085
493.0	115.0	10754.8887	0.0226
757.0	776.0	10788.0966	0.0060
151.0	420.0	10784.3469	0.0078
299.0	208.0	10788.3123	0.0058
741.0	495.0	10785.0367	0.0075
220.0	431.0	10748.7782	0.0256
785.0	207.0	10784.8335	0.0076
542.0	572.0	10782.3479	0.0088
635.0	963.0	10783.0389	0.0085
552.0	487.0	10758.6974	0.0207
524.0	640.0	9931.7814	0.4341
411.0	364.0	10746.0248	0.0270
718.0	469.0	10417.2114	0.1914
882.0	753.0	10759.8870	0.0201
449.0	352.0	10727.9209	0.0360
899.0	461.0	10788.3162	0.0058
153.0	330.0	10683.9717	0.0580
586.0	801.0	10782.6374	0.0087
759.0	713.0	10787.4683	0.0063
246.0	358.0	10683.4241	0.0583
384.0	778.0	10782.3143	0.0088
513.0	908.0	10784.2800	0.0079
249.0	335.0	10787.0863	0.0065
270.0	613.0	10607.6955	0.0962
924.0	419.0	10718.6320	0.0407
954.0	849.0	10787.4784	0.0063
238.0	499.0	10683.5011	0.0582
653.0	587.0	10747.4942	0.0263
552.0	527.0	10786.4060	0.0068
184.0	435.0	10757.5550	0.0212
170.0	736.0	10658.4728	0.0708
526.0	778.0	10203.4415	0.2983
385.0	602.0	10783.0580	0.0085
908.0	296.0	10784.6457	0.0077
567.0	636.0	10688.9210	0.0555
581.0	805.0	10782.2993	0.0089
71.0	362.0	10783.3556	0.0083
933.0	711.0	10785.8462	0.0071
772.0	712.0	10789.6533	0.0052
337.0	762.0	10608.0290	0.0960
275.0	377.0	10402.7830	0.1986
596.0	796.0	10750.2577	0.0249
662.0	588.0	10782.5300	0.0087
237.0	414.0	10582.1842	0.1089
243.0	818.0	10640.4625	0.0798
141.0	133.0	10785.2302	0.0074
32.0	792.0	10782.2011	0.0089
128.0	223.0	10642.7641	0.0786
837.0	742.0	10756.3583	0.0218
561.0	708.0	9967.7191	0.4161
473.0	449.0	10465.0973	0.1675
935.0	956.0	7002.0504	0.6106
490.0	597.0	10410.2449	0.1949
269.0	61.0	7474.3078	0.7001
204.0	68.0	7261.1410	0.6130
57.0	116.0	10782.7569	0.0086
726.0	786.0	10787.3150	0.0063
346.0	701.0	10583.5080	0.1082
282.0	653.0	10363.1377	0.2184
918.0	801.0	10719.2630	0.0404
215.0	928.0	10784.3426	0.0078
549.0	76.0	10752.7720	0.0236
429.0	124.0	10749.9547	0.0250
324.0	808.0	10535.9378	0.1320
715.0	204.0	10728.9938	0.0355
621.0	368.0	10544.8097	0.1276
836.0	409.0	10784.2889	0.0079
944.0	771.0	10785.8079	0.0071
861.0	447.0	10714.4116	0.0428
167.0	696.0	10782.7712	0.0086
269.0	730.0	10712.7486	0.0436
59.0	351.0	10782.1234	0.0089
144.0	643.0	10784.4278	0.0078
541.0	362.0	10730.4624	0.0348
375.0	914.0	10786.2641	0.0069
640.0	433.0	10784.1315	0.0079
209.0	841.0	10785.8611	0.0071
594.0	165.0	10782.0083	0.0090
552.0	316.0	10253.4304	0.2733
690.0	186.0	10781.9027	0.0090
648.0	942.0	10785.7661	0.0071
307.0	836.0	10782.3900	0.0088
296.0	439.0	10729.2603	0.0354
485.0	886.0	10761.3512	0.0193
576.0	185.0	10728.7010	0.0356
348.0	707.0	10755.9164	0.0220
222.0	356.0	10668.2240	0.0659
469.0	906.0	10581.1210	0.1094
622.0	916.0	10782.3977	0.0088
749.0	441.0	10784.2403	0.0079
423.0	950.0	10784.7564	0.0076
311.0	334.0	10718.1860	0.0409
546.0	827.0	10787.4872	0.0063
411.0	598.0	10783.1431	0.0084
523.0	630.0	10785.7404	0.0071
776.0	446.0	10513.3389	0.1433
846.0	462.0	10556.2270	0.1219
290.0	188.0	10786.1994	0.0069
403.0	578.0	8900.2038	0.9499
493.0	442.0	10756.9901	0.0215
503.0	838.0	10478.6184	0.1607
470.0	381.0	10747.5304	0.0262
319.0	383.0	10582.7588	0.1086
282.0	783.0	10755.5699	0.0222
981.0	199.0	7372.7760	0.5305
570.0	684.0	10785.1116	0.0074
205.0	167.0	10781.2222	0.0094
329.0	312.0	10784.1874	0.0079
410.0	81.0	10755.5457	0.0222
143.0	708.0	10754.3034	0.0228
875.0	702.0	10287.9733	0.2560
402.0	697.0	10400.8903	0.1996
418.0	196.0	10680.3274	0.0598
574.0	507.0	10325.8377	0.2371
488.0	453.0	10222.8639	0.2886
389.0	33.0	10787.1743	0.0064
694.0	148.0	10689.0379	0.0555
120.0	431.0	10785.5301	0.0072
94.0	248.0	10785.3235	0.0073
309.0	230.0	10782.2873	0.0089
825.0	130.0	10782.6168	0.0087
519.0	122.0	10698.7177	0.0506
365.0	333.0	10271.1767	0.2644
195.0	161.0	10786.9575	0.0065
474.0	324.0	10781.6752	0.0092
286.0	489.0	10719.5693	0.0402
448.0	311.0	10783.3441	0.0083
602.0	733.0	10780.3172	0.0098
533.0	671.0	10788.0406	0.0060
267.0	835.0	10785.3838	0.0073
329.0	240.0	10719.7836	0.0401
556.0	925.0	10753.4973	0.0233
755.0	120.0	10785.0962	0.0075
105.0	177.0	10730.6924	0.0347
834.0	651.0	10039.9040	0.3800
630.0	595.0	10753.3701	0.0233
885.0	706.0	10782.7434	0.0086
549.0	859.0	10720.5770	0.0397
937.0	212.0	7438.8803	0.7934
144.0	627.0	10785.8379	0.0071
523.0	541.0	10342.1827	0.2289
737.0	261.0	10753.1987	0.0234
758.0	301.0	10643.2316	0.0784
432.0	545.0	10715.5347	0.0422
729.0	753.0	10786.9841	0.0065
204.0	325.0	10729.9370	0.0350
283.0	946.0	10781.9140	0.0090
532.0	627.0	10079.6583	0.3602
144.0	506.0	10783.0990	0.0085
770.0	419.0	10784.0409	0.0080
368.0	588.0	10782.9258	0.0085
426.0	139.0	10716.2852	0.0419
338.0	321.0	10712.0764	0.0440
191.0	401.0	10787.4407	0.0063
762.0	369.0	10785.3097	0.0073
599.0	654.0	10783.5695	0.0082
762.0	581.0	9662.6365	0.5687
561.0	69.0	10784.6832	0.0077
727.0	427.0	10581.9914	0.1090
206.0	675.0	10717.6289	0.0412
223.0	317.0	10569.9901	0.1150
139.0	337.0	10754.6694	0.0227
936.0	845.0	10785.1726	0.0074
929.0	582.0	10700.2768	0.0499
985.0	230.0	7228.1901	0.8448
812.0	794.0	10785.8407	0.0071
765.0	165.0	10755.0128	0.0225
173.0	468.0	10719.1020	0.0404
538.0	147.0	10719.6068	0.0402
994.0	496.0	10790.4825	0.0048
466.0	226.0	10783.1386	0.0084
534.0	666.0	10636.6656	0.0817
960.0	157.0	7104.8355	0.8107
553.0	731.0	10663.1644	0.0684
690.0	54.0	10785.6030	0.0072
132.0	269.0	10785.3774	0.0073
560.0	684.0	10785.1136	0.0074
974.0	207.0	7251.2318	0.8701
96.0	452.0	10782.3277	0.0088
242.0	583.0	10782.7161	0.0086
350.0	834.0	10783.1668	0.0084
402.0	812.0	10787.4628	0.0063
408.0	950.0	10783.2046	0.0084
458.0	438.0	10240.7822	0.2796
960.0	868.0	10782.0852	0.0090
647.0	498.0	10359.9321	0.2200
406.0	996.0	10782.3103	0.0088
504.0	36.0	10781.9571	0.0090
525.0	384.0	10128.1001	0.3359
80.0	179.0	10783.6637	0.0082
954.0	646.0	10784.7964	0.0076
809.0	113.0	10784.4603	0.0078
513.0	178.0	10583.2566	0.1084
182.0	868.0	10675.8379	0.0621
739.0	468.0	10782.4933	0.0088
723.0	101.0	10786.8946	0.0066
439.0	455.0	10112.3148	0.3438
82.0	142.0	10788.9505	0.0055
211.0	215.0	10715.2204	0.0424
798.0	570.0	10784.5500	0.0077
619.0	240.0	10785.6682	0.0072
190.0	657.0	10785.2168	0.0074
896.0	49.0	7324.7490	0.6701
710.0	377.0	10729.3067	0.0353
127.0	465.0	10752.6927	0.0237
451.0	534.0	7778.3387	1.1480
671.0	502.0	10629.2506	0.0854
344.0	869.0	10725.8513	0.0371
160.0	612.0	10784.9875	0.0075
563.0	304.0	10785.1000	0.0075
462.0	743.0	10786.4826	0.0068
549.0	304.0	10786.5152	0.0067
115.0	806.0	10782.4306	0.0088
162.0	902.0	10782.3020	0.0088
244.0	821.0	10786.9375	0.0065
987.0	532.0	10751.9734	0.0240
456.0	683.0	10781.3481	0.0093
861.0	505.0	10788.8797	0.0056
821.0	821.0	10788.6593	0.0057
283.0	623.0	10783.7475	0.0081
893.0	301.0	10750.1344	0.0249
338.0	455.0	10567.4679	0.1163
229.0	360.0	10783.0494	0.0085
602.0	510.0	10575.6816	0.1122
278.0	365.0	10783.0203	0.0085
560.0	369.0	10784.2104	0.0079
704.0	219.0	10659.1977	0.0704
269.0	429.0	10586.3873	0.1068
832.0	597.0	9754.9575	0.5225
899.0	700.0	10791.3398	0.0043
888.0	441.0	10788.0973	0.0060
798.0	865.0	10784.8317	0.0076
999.0	957.0	7341.6338	0.8542
784.0	807.0	10748.3543	0.0258
185.0	758.0	10783.2887	0.0084
297.0	869.0	10785.1446	0.0074
187.0	272.0	10634.0557	0.0830
400.0	364.0	10666.6244	0.0667
339.0	931.0	10787.5124	0.0062
514.0	476.0	10130.9534	0.3345
137.0	880.0	10788.6156	0.0057
683.0	576.0	9662.6505	0.5687
1000.0	394.0	10789.5854	0.0052
304.0	949.0	10785.0241	0.0075
856.0	986.0	7129.9255	0.6276
187.0	184.0	10759.3161	0.0203
284.0	328.0	10785.1260	0.0074
491.0	804.0	10783.3779	0.0083
128.0	875.0	10786.0772	0.0070
563.0	822.0	10783.6739	0.0082
210.0	153.0	10785.8126	0.0071
561.0	237.0	10262.3427	0.2688
253.0	329.0	10786.3427	0.0068
701.0	546.0	10782.6260	0.0087
114.0	48.0	7377.2256	0.7289
540.0	494.0	10368.3440	0.2158
420.0	355.0	10781.3565	0.0093
716.0	545.0	10786.4050	0.0068
603.0	899.0	10718.3743	0.0408
517.0	407.0	10688.4104	0.0558
882.0	544.0	10657.5086	0.0712
378.0	261.0	10618.5900	0.0907
236.0	788.0	10752.2829	0.0239
131.0	320.0	10750.4130	0.0248
609.0	486.0	10755.5699	0.0222
38.0	709.0	10782.4195	0.0088
