500.0 500.0
559.0	452.0	10783.1754	0.0084
517.0	533.0	10790.2034	0.0049
470.0	441.0	10754.0558	0.0230
640.0	523.0	10782.9365	0.0085
500.0	548.0	10099.1622	0.3504
436.0	525.0	10501.6140	0.1492
612.0	529.0	10756.9365	0.0215
514.0	485.0	10315.8194	0.2421
381.0	617.0	10189.5302	0.3052
382.0	497.0	9496.0599	0.6520
593.0	613.0	10018.0063	0.3910
609.0	565.0	10143.8360	0.3281
553.0	452.0	10685.0187	0.0575
534.0	375.0	10783.4847	0.0083
588.0	461.0	10782.2726	0.0089
449.0	615.0	10684.7307	0.0576
550.0	573.0	10783.8002	0.0081
526.0	697.0	10785.1538	0.0074
323.0	403.0	10759.2643	0.0204
499.0	511.0	10022.6374	0.3887
517.0	523.0	10790.9705	0.0045
684.0	578.0	10546.1516	0.1269
522.0	583.0	10682.3197	0.0588
442.0	410.0	8946.7484	0.9266
362.0	641.0	10563.0097	0.1185
513.0	629.0	10751.5448	0.0242
567.0	523.0	10749.2585	0.0254
410.0	473.0	10563.1455	0.1184
472.0	665.0	10783.4355	0.0083
695.0	497.0	10781.6852	0.0092
481.0	284.0	10441.1637	0.1794
614.0	730.0	10433.6256	0.1832
500.0	557.0	9701.0921	0.5495
399.0	605.0	10786.1667	0.0069
583.0	406.0	10784.0466	0.0080
534.0	443.0	10785.7044	0.0071
428.0	486.0	10783.3090	0.0083
661.0	563.0	10746.6435	0.0267
452.0	336.0	10619.4580	0.0903
571.0	505.0	10719.7237	0.0401
560.0	460.0	10785.1080	0.0074
486.0	336.0	10585.1278	0.1074
522.0	572.0	10782.4618	0.0088
299.0	658.0	10747.8845	0.0261
566.0	667.0	10467.5423	0.1662
625.0	848.0	10786.3141	0.0068
411.0	518.0	10784.4699	0.0078
566.0	705.0	10785.8319	0.0071
577.0	407.0	10784.7594	0.0076
334.0	464.0	10586.4519	0.1068
397.0	620.0	10784.1149	0.0079
466.0	657.0	10619.1284	0.0904
579.0	542.0	10783.2880	0.0084
620.0	512.0	10718.7577	0.0406
448.0	603.0	10781.8036	0.0091
491.0	411.0	10546.4196	0.1268
216.0	422.0	10566.3711	0.1168
447.0	466.0	10538.3758	0.1308
344.0	570.0	10787.4322	0.0063
209.0	335.0	10426.5349	0.1867
494.0	448.0	7407.8079	1.0012
772.0	563.0	10782.9476	0.0085
486.0	644.0	10535.9980	0.1320
292.0	352.0	10781.4237	0.0093
437.0	590.0	10026.7780	0.3866
583.0	347.0	9494.9778	0.6525
348.0	408.0	10589.2068	0.1054
576.0	442.0	10782.8484	0.0086
331.0	339.0	10784.1612	0.0079
572.0	486.0	10650.9235	0.0745
431.0	710.0	10784.2984	0.0079
430.0	202.0	10691.1808	0.0544
437.0	339.0	10234.7234	0.2826
187.0	258.0	10708.7320	0.0456
485.0	191.0	10782.8892	0.0086
271.0	652.0	10787.2540	0.0064
508.0	398.0	10787.4401	0.0063
654.0	446.0	10784.2582	0.0079
417.0	401.0	10553.8085	0.1231
290.0	673.0	10749.6007	0.0252
542.0	195.0	10783.7260	0.0081
755.0	589.0	10783.0498	0.0085
675.0	541.0	10786.3305	0.0068
576.0	431.0	10785.0262	0.0075
351.0	353.0	10150.4643	0.3248
705.0	474.0	10784.4309	0.0078
608.0	794.0	10721.9401	0.0390
350.0	175.0	10783.5726	0.0082
515.0	385.0	9043.1164	0.8784
644.0	468.0	10682.9360	0.0585
672.0	650.0	10584.3581	0.1078
670.0	506.0	10783.2348	0.0084
706.0	430.0	10781.5146	0.0092
524.0	501.0	10444.2389	0.1779
392.0	642.0	10784.0055	0.0080
361.0	248.0	10571.2516	0.1144
517.0	568.0	10782.9496	0.0085
690.0	738.0	10782.2658	0.0089
461.0	421.0	10239.9820	0.2800
416.0	660.0	10783.5371	0.0082
602.0	180.0	10693.4330	0.0533
311.0	98.0	10751.7579	0.0241
714.0	816.0	10782.8010	0.0086
481.0	725.0	10691.4120	0.0543
401.0	346.0	10782.5844	0.0087
413.0	347.0	9710.2896	0.5449
685.0	744.0	10686.8089	0.0566
583.0	455.0	10782.2175	0.0089
546.0	561.0	9948.8509	0.4256
619.0	804.0	10747.6526	0.0262
794.0	405.0	10782.1930	0.0089
424.0	239.0	10620.4633	0.0898
150.0	362.0	10784.8588	0.0076
486.0	664.0	10783.2949	0.0084
139.0	410.0	10782.7704	0.0086
642.0	960.0	10756.6786	0.0217
736.0	698.0	10578.5760	0.1107
567.0	130.0	10782.7111	0.0086
314.0	548.0	10784.1089	0.0079
653.0	324.0	10457.4371	0.1713
722.0	367.0	10725.7611	0.0371
628.0	435.0	10714.6343	0.0427
737.0	757.0	10781.8379	0.0091
683.0	596.0	10163.3332	0.3183
444.0	712.0	10539.8270	0.1301
838.0	748.0	10787.4353	0.0063
534.0	652.0	10751.4320	0.0243
846.0	594.0	10681.9815	0.0590
105.0	479.0	10730.3940	0.0348
479.0	489.0	10122.2283	0.3389
370.0	213.0	10420.7297	0.1896
482.0	776.0	10652.2973	0.0739
198.0	154.0	10786.5242	0.0067
593.0	52.0	10727.8638	0.0361
79.0	407.0	10695.7426	0.0521
251.0	704.0	10784.5135	0.0077
513.0	509.0	10743.6350	0.0282
497.0	524.0	10711.5462	0.0442
935.0	729.0	10756.5089	0.0217
557.0	697.0	10782.3945	0.0088
767.0	285.0	10783.9542	0.0080
127.0	240.0	10727.2456	0.0364
444.0	683.0	10784.8318	0.0076
72.0	341.0	10783.1720	0.0084
706.0	244.0	10784.9079	0.0075
597.0	816.0	10550.5811	0.1247
597.0	756.0	10781.6139	0.0092
535.0	229.0	10782.1005	0.0089
99.0	598.0	10785.6936	0.0072
430.0	776.0	10752.2419	0.0239
606.0	436.0	10025.5720	0.3872
936.0	740.0	10781.1464	0.0094
967.0	647.0	10780.9843	0.0095
683.0	407.0	10786.2227	0.0069
444.0	653.0	10747.7904	0.0261
903.0	655.0	10695.7374	0.0521
602.0	742.0	10508.9918	0.1455
722.0	299.0	10751.8141	0.0241
973.0	694.0	10785.8644	0.0071
248.0	758.0	10782.5032	0.0087
164.0	139.0	10683.1734	0.0584
757.0	245.0	10600.7433	0.0996
565.0	332.0	10331.7934	0.2341
156.0	492.0	10626.1377	0.0869
598.0	507.0	10783.0967	0.0085
605.0	886.0	10589.6905	0.1052
412.0	268.0	10646.3468	0.0768
614.0	324.0	10361.7216	0.2191
557.0	587.0	10783.1132	0.0084
191.0	540.0	10647.4778	0.0763
825.0	735.0	10790.4488	0.0048
784.0	878.0	10393.5715	0.2032
363.0	224.0	10688.3266	0.0558
346.0	597.0	10723.4076	0.0383
512.0	524.0	10767.1139	0.0164
155.0	577.0	10473.6831	0.1632
493.0	795.0	10752.3427	0.0238
648.0	131.0	10753.6463	0.0232
121.0	562.0	10720.8444	0.0396
785.0	462.0	10783.8853	0.0081
765.0	399.0	10782.9258	0.0085
309.0	675.0	10660.8056	0.0696
971.0	678.0	10783.2272	0.0084
760.0	562.0	10646.0738	0.0770
591.0	295.0	10618.3584	0.0908
469.0	598.0	10707.4987	0.0463
413.0	234.0	10688.5600	0.0557
850.0	973.0	10788.2416	0.0059
985.0	653.0	10785.1441	0.0074
186.0	226.0	10783.0164	0.0085
408.0	155.0	10714.6138	0.0427
217.0	295.0	10624.9701	0.0875
132.0	785.0	10760.0118	0.0200
107.0	119.0	10786.0232	0.0070
445.0	844.0	10681.8326	0.0591
555.0	501.0	10731.3094	0.0343
456.0	575.0	10651.9950	0.0740
458.0	372.0	10784.1520	0.0079
664.0	394.0	10133.1018	0.3334
794.0	533.0	10621.6865	0.0892
729.0	362.0	10357.6727	0.2212
326.0	375.0	10788.8259	0.0056
642.0	406.0	10606.4270	0.0968
891.0	919.0	10699.1556	0.0504
331.0	336.0	10783.0756	0.0085
27.0	487.0	10782.3416	0.0088
241.0	772.0	10696.1114	0.0519
431.0	81.0	10748.5281	0.0257
316.0	369.0	10786.9924	0.0065
776.0	189.0	10636.8630	0.0816
552.0	514.0	9200.8640	0.7996
21.0	572.0	10790.0208	0.0050
830.0	970.0	10781.5358	0.0092
322.0	650.0	10195.4852	0.3023
393.0	662.0	10752.9691	0.0235
297.0	234.0	10692.1970	0.0539
532.0	839.0	10786.1982	0.0069
332.0	554.0	10347.9396	0.2260
361.0	734.0	10783.2777	0.0084
705.0	99.0	10784.5189	0.0077
831.0	544.0	10782.6283	0.0087
814.0	149.0	10786.5504	0.0067
474.0	939.0	10784.7870	0.0076
266.0	779.0	10451.1784	0.1744
781.0	311.0	10783.4296	0.0083
355.0	243.0	10783.7320	0.0081
690.0	689.0	10782.8209	0.0086
832.0	928.0	10469.9806	0.1650
320.0	153.0	10781.8404	0.0091
897.0	564.0	10748.1779	0.0259
165.0	830.0	10780.6455	0.0097
857.0	752.0	10752.7238	0.0236
476.0	149.0	10782.8467	0.0086
940.0	519.0	10749.0598	0.0255
65.0	467.0	10789.6682	0.0052
589.0	664.0	10512.6198	0.1437
286.0	746.0	10783.2571	0.0084
586.0	463.0	10546.6252	0.1267
64.0	206.0	10752.1695	0.0239
691.0	483.0	10781.7182	0.0091
138.0	96.0	10788.8329	0.0056
312.0	719.0	10401.4607	0.1993
264.0	413.0	10462.8846	0.1686
535.0	313.0	10782.7269	0.0086
406.0	75.0	10750.8783	0.0246
874.0	656.0	10752.2823	0.0239
529.0	36.0	10785.3735	0.0073
779.0	341.0	10785.0774	0.0075
681.0	447.0	10782.8494	0.0086
494.0	205.0	10785.4529	0.0073
364.0	561.0	10781.7300	0.0091
165.0	407.0	10787.6349	0.0062
447.0	513.0	9390.4417	0.7048
184.0	325.0	10784.2249	0.0079
429.0	516.0	10750.9744	0.0245
116.0	73.0	10784.1385	0.0079
568.0	263.0	10374.8361	0.2126
848.0	933.0	10741.9101	0.0290
303.0	397.0	10719.0000	0.0405
330.0	201.0	10788.1045	0.0059
346.0	307.0	10782.3463	0.0088
352.0	334.0	10785.5982	0.0072
659.0	503.0	10536.1331	0.1319
581.0	957.0	10650.1470	0.0749
102.0	282.0	10780.0798	0.0100
452.0	875.0	10739.2799	0.0304
802.0	751.0	10784.1289	0.0079
708.0	849.0	10781.9375	0.0090
823.0	637.0	10718.0611	0.0410
460.0	643.0	10755.6734	0.0222
729.0	650.0	10328.9015	0.2355
758.0	946.0	10747.9024	0.0260
594.0	520.0	10396.8109	0.2016
297.0	742.0	10717.7223	0.0411
233.0	202.0	10751.6541	0.0242
379.0	148.0	10720.4770	0.0398
304.0	169.0	10479.0057	0.1605
667.0	296.0	10333.8632	0.2331
236.0	163.0	10596.7476	0.1016
786.0	266.0	10784.5188	0.0077
707.0	286.0	10568.6269	0.1157
263.0	507.0	10420.4304	0.1898
963.0	695.0	10783.5576	0.0082
855.0	970.0	10787.7769	0.0061
203.0	338.0	10781.7171	0.0091
755.0	584.0	10783.7962	0.0081
687.0	190.0	10729.9856	0.0350
696.0	94.0	10785.8804	0.0071
164.0	356.0	10787.6960	0.0062
209.0	87.0	10784.9528	0.0075
212.0	902.0	10785.2560	0.0074
740.0	350.0	10745.9990	0.0270
703.0	176.0	10689.1513	0.0554
352.0	877.0	10757.8610	0.0211
653.0	314.0	10782.2418	0.0089
565.0	757.0	10686.7648	0.0566
768.0	136.0	10781.8557	0.0091
55.0	639.0	10727.3199	0.0363
577.0	479.0	10780.8074	0.0096
805.0	159.0	10736.1677	0.0319
504.0	808.0	10782.1565	0.0089
504.0	273.0	10756.7521	0.0216
154.0	973.0	10788.1949	0.0059
335.0	74.0	10784.6960	0.0077
638.0	968.0	10786.6415	0.0067
925.0	694.0	10785.4918	0.0073
718.0	193.0	10673.7871	0.0631
109.0	440.0	10752.3556	0.0238
299.0	804.0	10784.7814	0.0076
139.0	415.0	10615.2903	0.0924
665.0	324.0	10716.8958	0.0416
376.0	186.0	10783.8597	0.0081
320.0	441.0	10790.4278	0.0048
616.0	683.0	10684.9001	0.0575
677.0	209.0	10785.6201	0.0072
628.0	68.0	10755.7335	0.0221
765.0	325.0	10714.0889	0.0430
818.0	553.0	10727.4489	0.0363
274.0	902.0	10694.0680	0.0530
705.0	620.0	10783.2559	0.0084
677.0	831.0	10781.5687	0.0092
528.0	627.0	10782.2646	0.0089
93.0	274.0	10781.3497	0.0093
749.0	287.0	10783.1979	0.0084
314.0	514.0	10335.9809	0.2320
478.0	579.0	10083.5431	0.3582
988.0	924.0	10785.6201	0.0072
880.0	241.0	10782.6624	0.0087
443.0	108.0	10753.0758	0.0235
90.0	762.0	10789.2647	0.0054
635.0	476.0	10752.4419	0.0238
275.0	949.0	10789.2138	0.0054
695.0	575.0	10473.9036	0.1630
481.0	658.0	10646.4500	0.0768
701.0	100.0	10749.1159	0.0254
831.0	126.0	10784.0921	0.0080
881.0	334.0	10767.3726	0.0163
594.0	437.0	10782.6306	0.0087
810.0	653.0	10752.3037	0.0238
568.0	834.0	10783.1992	0.0084
572.0	140.0	10783.6424	0.0082
806.0	114.0	10784.0957	0.0080
67.0	712.0	10756.4296	0.0218
239.0	148.0	10754.3954	0.0228
666.0	30.0	10785.7534	0.0071
468.0	173.0	10713.5816	0.0432
981.0	608.0	10785.1591	0.0074
887.0	643.0	10783.0153	0.0085
486.0	946.0	10782.1744	0.0089
352.0	315.0	10505.6947	0.1472
937.0	312.0	10787.0355	0.0065
8.0	633.0	10788.4949	0.0058
115.0	683.0	10702.2000	0.0489
442.0	22.0	10785.7895	0.0071
523.0	656.0	10783.7612	0.0081
622.0	545.0	9808.7647	0.4956
57.0	395.0	10784.2001	0.0079
875.0	154.0	10784.1597	0.0079
770.0	588.0	10546.7866	0.1266
524.0	309.0	10782.5419	0.0087
938.0	540.0	10751.5219	0.0242
919.0	333.0	10724.9874	0.0375
221.0	578.0	10492.0079	0.1540
285.0	361.0	10781.8022	0.0091
742.0	292.0	10783.4625	0.0083
886.0	300.0	10785.6936	0.0072
683.0	702.0	10197.6489	0.3012
956.0	696.0	10784.0568	0.0080
797.0	519.0	10784.6590	0.0077
82.0	133.0	10782.7421	0.0086
574.0	188.0	10419.4662	0.1903
690.0	819.0	10749.8992	0.0251
805.0	654.0	10343.4184	0.2283
387.0	287.0	10266.0716	0.2670
915.0	592.0	10720.4480	0.0398
926.0	935.0	10747.6801	0.0262
317.0	169.0	10718.4229	0.0408
852.0	133.0	10787.4471	0.0063
402.0	585.0	10532.6541	0.1337
259.0	560.0	10388.8725	0.2056
741.0	143.0	10751.3545	0.0243
313.0	932.0	10785.1846	0.0074
956.0	576.0	10786.5450	0.0067
425.0	720.0	10656.4698	0.0718
305.0	325.0	10787.6760	0.0062
435.0	54.0	10787.4874	0.0063
582.0	23.0	10786.1788	0.0069
989.0	565.0	10780.6826	0.0097
451.0	216.0	10717.8720	0.0411
115.0	633.0	10531.3290	0.1343
615.0	134.0	10472.5247	0.1637
281.0	716.0	10655.5298	0.0722
402.0	844.0	10782.5562	0.0087
889.0	630.0	10752.8078	0.0236
663.0	228.0	10784.0747	0.0080
666.0	995.0	10789.4176	0.0053
787.0	816.0	10303.1967	0.2484
987.0	696.0	10783.3856	0.0083
877.0	853.0	10785.4428	0.0073
654.0	349.0	10785.7319	0.0071
279.0	336.0	10158.6148	0.3207
613.0	295.0	10785.7518	0.0071
38.0	760.0	10786.2187	0.0069
562.0	685.0	10627.7439	0.0861
463.0	284.0	10655.5790	0.0722
522.0	274.0	10683.9261	0.0580
865.0	356.0	10540.7345	0.1296
217.0	923.0	10787.1736	0.0064
651.0	71.0	10783.7813	0.0081
735.0	490.0	10549.2045	0.1254
131.0	530.0	10785.6624	0.0072
45.0	377.0	10789.3031	0.0053
630.0	735.0	10730.7392	0.0346
886.0	982.0	10782.5388	0.0087
646.0	878.0	10781.4445	0.0093
422.0	728.0	10781.9145	0.0090
169.0	548.0	10783.8933	0.0081
244.0	842.0	10505.1476	0.1474
42.0	369.0	10787.5617	0.0062
540.0	197.0	10709.3100	0.0453
702.0	368.0	10685.4340	0.0573
712.0	708.0	10784.1772	0.0079
80.0	322.0	10782.3210	0.0088
917.0	674.0	10609.2772	0.0954
623.0	306.0	10787.0485	0.0065
545.0	619.0	9806.6447	0.4967
590.0	828.0	10781.9958	0.0090
474.0	797.0	10782.6039	0.0087
129.0	737.0	10786.8261	0.0066
894.0	853.0	10784.7538	0.0076
212.0	896.0	10724.9304	0.0375
297.0	166.0	10784.2551	0.0079
775.0	160.0	10751.3923	0.0243
977.0	310.0	10786.6605	0.0067
645.0	221.0	10404.9522	0.1975
245.0	370.0	10757.2772	0.0214
650.0	127.0	10784.1833	0.0079
390.0	555.0	10618.8717	0.0906
1000.0	518.0	10784.7394	0.0076
973.0	398.0	10788.4232	0.0058
964.0	788.0	10784.8611	0.0076
733.0	757.0	10258.2610	0.2709
235.0	722.0	10783.8188	0.0081
804.0	256.0	10747.4607	0.0263
308.0	336.0	10785.2347	0.0074
165.0	331.0	10759.1769	0.0204
714.0	852.0	10789.5493	0.0052
624.0	243.0	10637.9830	0.0810
306.0	21.0	10781.8602	0.0091
648.0	86.0	10608.7363	0.0956
473.0	432.0	10782.0686	0.0090
204.0	446.0	10784.7689	0.0076
415.0	797.0	10685.7178	0.0571
553.0	510.0	10788.1681	0.0059
804.0	708.0	10629.2799	0.0854
947.0	929.0	10786.6247	0.0067
75.0	384.0	10784.9950	0.0075
658.0	32.0	10786.5331	0.0067
323.0	452.0	10419.0955	0.1905
723.0	253.0	10784.5432	0.0077
847.0	636.0	10510.8797	0.1446
489.0	149.0	10783.3818	0.0083
181.0	815.0	10722.3305	0.0388
30.0	694.0	10786.5752	0.0067
441.0	352.0	10266.7699	0.2666
974.0	299.0	10783.7313	0.0081
146.0	330.0	10723.6210	0.0382
712.0	453.0	10720.6157	0.0397
452.0	474.0	10786.8809	0.0066
223.0	500.0	10601.7471	0.0991
870.0	557.0	10645.8381	0.0771
587.0	957.0	10783.3331	0.0083
555.0	32.0	10790.3636	0.0048
259.0	812.0	10781.0328	0.0095
141.0	317.0	10784.2026	0.0079
623.0	48.0	10787.8979	0.0061
803.0	364.0	10483.8010	0.1581
158.0	661.0	10788.3368	0.0058
334.0	189.0	10786.0745	0.0070
681.0	775.0	10754.6944	0.0227
646.0	639.0	10224.6339	0.2877
837.0	755.0	10786.7896	0.0066
387.0	963.0	7138.2564	0.8794
177.0	110.0	10749.1907	0.0254
737.0	646.0	10719.7581	0.0401
841.0	159.0	10782.9900	0.0085
934.0	368.0	10752.8229	0.0236
14.0	381.0	10783.1683	0.0084
196.0	945.0	10760.0107	0.0200
527.0	445.0	9997.5706	0.4012
646.0	628.0	10458.5217	0.1707
924.0	450.0	10784.6540	0.0077
121.0	83.0	10783.6645	0.0082
564.0	984.0	10790.0583	0.0050
773.0	69.0	10782.1680	0.0089
59.0	566.0	10757.4884	0.0213
268.0	929.0	10790.5454	0.0047
147.0	372.0	10783.2915	0.0084
349.0	817.0	10723.6951	0.0382
155.0	327.0	10757.0979	0.0215
