500.0 500.0
550.0	567.0	10042.0449	0.3790
643.0	510.0	10392.4976	0.2038
746.0	544.0	10658.3594	0.0708
437.0	556.0	10041.8469	0.3791
634.0	620.0	10184.4323	0.3078
699.0	438.0	10687.0967	0.0565
562.0	540.0	10682.6874	0.0587
756.0	659.0	10312.1226	0.2439
767.0	644.0	10783.4161	0.0083
371.0	628.0	10783.7497	0.0081
621.0	529.0	10270.6256	0.2647
708.0	652.0	10750.9836	0.0245
535.0	498.0	10789.4356	0.0053
438.0	610.0	10060.5127	0.3697
580.0	475.0	10356.3904	0.2218
534.0	621.0	10782.4408	0.0088
781.0	635.0	10546.7728	0.1266
555.0	580.0	10752.8640	0.0236
360.0	584.0	10789.3173	0.0053
439.0	476.0	10290.0494	0.2550
420.0	527.0	10755.9777	0.0220
703.0	634.0	10529.9064	0.1350
413.0	494.0	10784.4917	0.0078
701.0	421.0	10789.4977	0.0053
623.0	531.0	10695.6366	0.0522
653.0	585.0	10446.7522	0.1766
489.0	574.0	10781.3069	0.0093
579.0	532.0	10371.6730	0.2142
683.0	473.0	10439.5105	0.1802
445.0	588.0	10752.9929	0.0235
584.0	542.0	10785.4110	0.0073
783.0	468.0	10786.6361	0.0067
507.0	595.0	10646.5746	0.0767
400.0	496.0	10527.9297	0.1360
824.0	397.0	10784.2730	0.0079
619.0	445.0	10786.9143	0.0065
515.0	469.0	8117.1616	1.3414
316.0	723.0	10641.8265	0.0791
703.0	393.0	10668.0848	0.0660
818.0	683.0	10785.0410	0.0075
384.0	498.0	10719.2236	0.0404
408.0	408.0	10782.8946	0.0086
432.0	635.0	10781.4787	0.0093
250.0	741.0	10784.3184	0.0078
712.0	540.0	10782.4307	0.0088
344.0	345.0	9971.5238	0.4142
685.0	408.0	10718.6285	0.0407
329.0	435.0	10786.4863	0.0068
678.0	632.0	10781.1606	0.0094
614.0	436.0	10702.9512	0.0485
522.0	520.0	8514.0367	1.1430
759.0	536.0	10782.7891	0.0086
608.0	430.0	10193.1525	0.3034
558.0	658.0	10748.3120	0.0258
816.0	406.0	10781.8257	0.0091
779.0	317.0	10653.5377	0.0732
863.0	767.0	10719.2099	0.0404
361.0	484.0	10748.5540	0.0257
711.0	532.0	10494.1855	0.1529
714.0	571.0	10688.8724	0.0556
464.0	541.0	10122.5426	0.3387
353.0	585.0	10787.1549	0.0064
622.0	597.0	10007.2221	0.3964
588.0	651.0	10781.6578	0.0092
811.0	596.0	10782.3013	0.0088
390.0	493.0	10726.2845	0.0369
805.0	551.0	10787.1026	0.0064
218.0	762.0	10559.4892	0.1203
748.0	718.0	10782.7333	0.0086
520.0	421.0	9791.2216	0.5044
513.0	572.0	10623.4747	0.0883
725.0	542.0	10716.0735	0.0420
793.0	502.0	10747.9102	0.0260
853.0	519.0	10553.3500	0.1233
259.0	543.0	10783.8142	0.0081
312.0	464.0	10747.2770	0.0264
748.0	559.0	10752.8843	0.0236
793.0	762.0	10612.8409	0.0936
158.0	525.0	10586.7879	0.1066
507.0	609.0	10748.9289	0.0255
280.0	306.0	10050.9918	0.3745
329.0	520.0	10522.0218	0.1390
766.0	431.0	10753.4162	0.0233
209.0	573.0	10597.7928	0.1011
288.0	762.0	10533.4261	0.1333
715.0	735.0	10427.0964	0.1865
800.0	475.0	10783.9937	0.0080
454.0	480.0	8531.2833	1.1344
660.0	432.0	10410.9251	0.1945
924.0	364.0	10607.9959	0.0960
645.0	552.0	10533.9194	0.1330
859.0	841.0	10784.8163	0.0076
109.0	799.0	10696.5241	0.0517
505.0	548.0	10732.4770	0.0338
315.0	242.0	10094.7194	0.3526
385.0	600.0	10784.8459	0.0076
481.0	535.0	10656.2495	0.0719
246.0	844.0	10784.3386	0.0078
850.0	698.0	10787.4130	0.0063
465.0	635.0	10782.0534	0.0090
830.0	869.0	10721.6103	0.0392
527.0	600.0	10783.1246	0.0084
845.0	256.0	10645.5803	0.0772
377.0	389.0	9691.0157	0.5545
119.0	470.0	10754.7074	0.0226
796.0	319.0	10622.5080	0.0887
740.0	323.0	10678.6124	0.0607
723.0	571.0	10783.5719	0.0082
867.0	775.0	10784.1177	0.0079
729.0	467.0	10680.1815	0.0599
230.0	929.0	10696.0955	0.0520
50.0	562.0	10750.1186	0.0249
529.0	734.0	10785.0396	0.0075
178.0	328.0	10785.6002	0.0072
188.0	338.0	10206.0326	0.2970
169.0	233.0	10790.0205	0.0050
95.0	195.0	10720.8621	0.0396
297.0	471.0	10781.5470	0.0092
847.0	974.0	10786.0246	0.0070
328.0	459.0	10754.0800	0.0230
691.0	303.0	10784.2306	0.0079
418.0	351.0	10758.9534	0.0205
117.0	258.0	10673.0504	0.0635
153.0	409.0	10791.5059	0.0042
767.0	249.0	10781.8927	0.0091
685.0	558.0	10717.2327	0.0414
43.0	169.0	10785.9216	0.0070
624.0	503.0	9579.0456	0.6105
89.0	543.0	10781.5243	0.0092
801.0	389.0	10510.2474	0.1449
769.0	668.0	10782.5560	0.0087
265.0	480.0	10619.3480	0.0903
98.0	860.0	10783.7260	0.0081
699.0	633.0	10754.0253	0.0230
533.0	581.0	10200.0237	0.3000
28.0	71.0	10786.2529	0.0069
420.0	454.0	9070.5089	0.8647
58.0	447.0	10785.8660	0.0071
439.0	513.0	10449.4806	0.1753
476.0	353.0	10719.9130	0.0400
364.0	196.0	10752.9630	0.0235
827.0	350.0	10789.0030	0.0055
772.0	992.0	10783.8839	0.0081
783.0	586.0	10784.1422	0.0079
341.0	538.0	10781.4118	0.0093
963.0	677.0	10785.0724	0.0075
400.0	674.0	10782.7987	0.0086
529.0	622.0	10781.9189	0.0090
736.0	480.0	10782.2391	0.0089
781.0	498.0	10514.4885	0.1428
973.0	772.0	10784.6179	0.0077
814.0	300.0	10781.7757	0.0091
913.0	770.0	10783.2867	0.0084
276.0	351.0	10784.8918	0.0076
419.0	169.0	10790.6686	0.0047
393.0	697.0	10783.9896	0.0080
253.0	446.0	10783.6795	0.0082
834.0	288.0	10693.1764	0.0534
425.0	663.0	10781.7426	0.0091
691.0	637.0	10202.2231	0.2989
172.0	422.0	10628.6273	0.0857
592.0	688.0	10785.2673	0.0074
797.0	432.0	10782.6850	0.0087
185.0	744.0	10726.1973	0.0369
569.0	570.0	10784.3879	0.0078
526.0	587.0	10721.0833	0.0395
408.0	498.0	10784.4778	0.0078
559.0	442.0	10022.2549	0.3889
476.0	299.0	10178.1259	0.3109
446.0	366.0	10789.0626	0.0055
817.0	577.0	10782.7708	0.0086
121.0	430.0	10731.0439	0.0345
502.0	349.0	10783.4394	0.0083
96.0	183.0	10718.6452	0.0407
335.0	169.0	10783.6061	0.0082
896.0	178.0	10755.0419	0.0225
644.0	197.0	10597.2662	0.1014
956.0	683.0	10786.3943	0.0068
922.0	775.0	10782.5327	0.0087
780.0	598.0	10752.0917	0.0240
774.0	629.0	10782.2954	0.0089
659.0	97.0	10786.1174	0.0069
605.0	269.0	10781.7867	0.0091
655.0	556.0	10638.2822	0.0809
762.0	886.0	10681.8615	0.0591
638.0	156.0	10651.8464	0.0741
144.0	752.0	10648.7514	0.0756
359.0	828.0	10787.6336	0.0062
560.0	530.0	8126.5680	1.3367
265.0	751.0	10782.0026	0.0090
609.0	160.0	10712.8511	0.0436
369.0	130.0	10786.2989	0.0069
721.0	547.0	10783.0208	0.0085
328.0	49.0	10787.3096	0.0063
981.0	601.0	10782.2768	0.0089
586.0	401.0	10722.2814	0.0389
853.0	330.0	10573.7636	0.1131
439.0	26.0	10786.5600	0.0067
467.0	340.0	10783.4701	0.0083
491.0	281.0	10783.3872	0.0083
50.0	244.0	10783.6130	0.0082
7.0	848.0	10781.5550	0.0092
131.0	768.0	10784.6144	0.0077
840.0	393.0	10786.0263	0.0070
727.0	771.0	10783.7333	0.0081
684.0	615.0	10782.4730	0.0088
366.0	389.0	10726.0662	0.0370
730.0	348.0	10579.4933	0.1103
197.0	214.0	10529.0662	0.1355
512.0	447.0	10787.4024	0.0063
496.0	228.0	10195.6530	0.3022
963.0	795.0	10785.5533	0.0072
103.0	137.0	10781.8516	0.0091
59.0	120.0	10751.3881	0.0243
150.0	521.0	10753.9531	0.0230
123.0	555.0	10732.8745	0.0336
610.0	572.0	10074.0396	0.3630
790.0	233.0	10781.8392	0.0091
143.0	488.0	10785.1755	0.0074
337.0	716.0	10199.7160	0.3001
704.0	907.0	10788.9049	0.0055
956.0	105.0	10788.4130	0.0058
422.0	890.0	10787.7327	0.0061
389.0	666.0	10158.1902	0.3209
193.0	802.0	10680.6225	0.0597
897.0	262.0	10720.0138	0.0400
321.0	549.0	10784.5425	0.0077
932.0	979.0	7002.0504	0.6106
466.0	958.0	10729.5801	0.0352
341.0	880.0	10782.9223	0.0085
776.0	748.0	10784.2920	0.0079
701.0	499.0	10783.6263	0.0082
714.0	530.0	10782.2921	0.0089
611.0	854.0	10750.0960	0.0250
723.0	80.0	10783.3058	0.0083
608.0	598.0	10715.9776	0.0420
979.0	504.0	10783.1557	0.0084
358.0	367.0	10782.0194	0.0090
586.0	332.0	10753.2276	0.0234
364.0	776.0	10753.4009	0.0233
196.0	97.0	10656.0440	0.0720
476.0	681.0	10782.2572	0.0089
996.0	889.0	7474.3078	0.7001
277.0	361.0	10686.7928	0.0566
124.0	792.0	10749.8020	0.0251
690.0	498.0	10604.0618	0.0980
98.0	871.0	10783.8830	0.0081
746.0	118.0	10782.0728	0.0090
782.0	284.0	10786.7771	0.0066
846.0	224.0	10783.1655	0.0084
483.0	993.0	10789.4213	0.0053
252.0	492.0	10785.1733	0.0074
863.0	86.0	10783.8541	0.0081
449.0	175.0	10398.0654	0.2010
631.0	362.0	10784.1613	0.0079
609.0	165.0	10783.6103	0.0082
451.0	172.0	10785.1649	0.0074
808.0	336.0	10783.5325	0.0082
805.0	120.0	10746.4327	0.0268
574.0	626.0	10755.9407	0.0220
773.0	411.0	10751.9657	0.0240
54.0	323.0	10781.5563	0.0092
483.0	292.0	10781.9698	0.0090
259.0	759.0	10659.5691	0.0702
49.0	230.0	10781.7652	0.0091
626.0	181.0	10782.2487	0.0089
755.0	200.0	10721.1687	0.0394
539.0	746.0	10782.3970	0.0088
225.0	947.0	10781.8263	0.0091
90.0	355.0	10783.1702	0.0084
320.0	573.0	10782.4933	0.0088
235.0	36.0	10782.8344	0.0086
426.0	991.0	10788.3435	0.0058
686.0	871.0	10511.5170	0.1442
805.0	540.0	10758.5014	0.0207
988.0	391.0	10784.4372	0.0078
734.0	156.0	10750.7873	0.0246
435.0	911.0	10682.7296	0.0586
160.0	162.0	10753.7346	0.0231
627.0	779.0	10511.1690	0.1444
816.0	113.0	10760.1222	0.0199
710.0	584.0	10750.4223	0.0248
982.0	579.0	10719.6920	0.0402
537.0	717.0	10246.0933	0.2770
715.0	187.0	10619.7393	0.0901
942.0	656.0	10785.1517	0.0074
563.0	207.0	10752.8212	0.0236
324.0	367.0	10756.6448	0.0217
167.0	617.0	10637.9324	0.0810
399.0	697.0	10136.2129	0.3319
539.0	361.0	10573.9085	0.1130
692.0	113.0	10783.0089	0.0085
671.0	400.0	10172.8365	0.3136
630.0	261.0	10122.1813	0.3389
849.0	740.0	10585.2051	0.1074
389.0	299.0	10786.3280	0.0068
361.0	888.0	10784.7101	0.0076
912.0	561.0	10655.0878	0.0725
453.0	622.0	10781.2632	0.0094
668.0	512.0	10648.0727	0.0760
736.0	621.0	10782.7507	0.0086
847.0	80.0	10782.8667	0.0086
231.0	42.0	10724.0100	0.0380
535.0	124.0	10787.5626	0.0062
290.0	430.0	9948.4761	0.4258
830.0	777.0	10753.2998	0.0234
417.0	80.0	10688.9617	0.0555
446.0	39.0	10784.9151	0.0075
173.0	163.0	10754.7438	0.0226
432.0	633.0	10045.7386	0.3771
675.0	644.0	10656.2559	0.0719
227.0	543.0	10563.3868	0.1183
45.0	258.0	10782.9724	0.0085
727.0	732.0	10781.3065	0.0093
148.0	432.0	10790.8957	0.0046
724.0	560.0	10782.4999	0.0088
21.0	278.0	10783.5385	0.0082
740.0	413.0	10783.8340	0.0081
616.0	46.0	10787.8280	0.0061
814.0	674.0	10785.8797	0.0071
773.0	143.0	10718.7140	0.0406
506.0	331.0	10786.7781	0.0066
553.0	769.0	10319.4043	0.2403
83.0	644.0	10788.9952	0.0055
63.0	156.0	10782.1075	0.0089
443.0	108.0	10753.3942	0.0233
987.0	383.0	10785.0347	0.0075
945.0	203.0	10783.0028	0.0085
683.0	807.0	10443.7124	0.1781
693.0	74.0	10789.2102	0.0054
263.0	370.0	10785.7526	0.0071
404.0	841.0	10271.9179	0.2640
213.0	494.0	10704.0028	0.0480
776.0	731.0	10718.3002	0.0408
588.0	84.0	10745.9196	0.0270
935.0	231.0	10787.3226	0.0063
741.0	743.0	10789.1892	0.0054
280.0	890.0	10624.3800	0.0878
591.0	813.0	10699.2643	0.0504
890.0	101.0	10783.6877	0.0082
515.0	467.0	10788.8621	0.0056
341.0	853.0	10602.9576	0.0985
148.0	763.0	10784.3564	0.0078
586.0	874.0	10726.0541	0.0370
795.0	138.0	10750.7650	0.0246
503.0	110.0	10781.1582	0.0094
80.0	507.0	10784.4118	0.0078
635.0	653.0	10783.5821	0.0082
566.0	623.0	10721.6258	0.0392
540.0	180.0	10692.1157	0.0539
290.0	657.0	10614.1464	0.0929
84.0	308.0	10756.8487	0.0216
651.0	605.0	10714.1970	0.0429
877.0	193.0	10719.8339	0.0401
813.0	916.0	10717.9546	0.0410
897.0	703.0	10669.4311	0.0653
842.0	221.0	10687.5988	0.0562
768.0	211.0	10618.3531	0.0908
204.0	505.0	10784.7099	0.0076
201.0	12.0	10789.0656	0.0055
742.0	151.0	10788.7319	0.0056
685.0	822.0	10678.6988	0.0607
574.0	270.0	10713.3487	0.0433
678.0	999.0	10788.4005	0.0058
756.0	452.0	10446.2079	0.1769
858.0	656.0	10577.4215	0.1113
210.0	834.0	10783.9311	0.0080
43.0	177.0	10786.5130	0.0067
942.0	773.0	10782.1372	0.0089
597.0	697.0	10782.8766	0.0086
861.0	291.0	10781.7836	0.0091
315.0	366.0	10784.4033	0.0078
397.0	186.0	10760.5077	0.0197
467.0	369.0	10028.3839	0.3858
753.0	175.0	10711.9657	0.0440
693.0	557.0	10748.6598	0.0257
689.0	896.0	10712.9990	0.0435
828.0	946.0	10749.6880	0.0252
177.0	718.0	10760.5162	0.0197
912.0	198.0	10783.7725	0.0081
594.0	214.0	10614.8145	0.0926
608.0	924.0	10784.6212	0.0077
128.0	658.0	10701.3642	0.0493
657.0	605.0	10787.0219	0.0065
362.0	512.0	10443.3809	0.1783
735.0	371.0	10489.9094	0.1550
43.0	718.0	10783.2652	0.0084
787.0	709.0	10785.4132	0.0073
133.0	335.0	10549.7874	0.1251
57.0	402.0	10784.1130	0.0079
727.0	387.0	10785.8483	0.0071
916.0	784.0	10787.0432	0.0065
89.0	140.0	10782.3601	0.0088
495.0	849.0	10786.8900	0.0066
388.0	539.0	10304.9359	0.2475
424.0	403.0	10386.9680	0.2065
751.0	386.0	10753.8218	0.0231
560.0	220.0	10621.0925	0.0895
228.0	952.0	10791.5677	0.0042
568.0	135.0	10782.6447	0.0087
163.0	13.0	10783.3816	0.0083
199.0	994.0	10783.1320	0.0084
682.0	121.0	10759.4586	0.0203
293.0	548.0	10508.9997	0.1455
283.0	627.0	10515.3919	0.1423
216.0	318.0	10783.7222	0.0081
690.0	219.0	10329.6960	0.2352
732.0	700.0	10678.9225	0.0605
49.0	622.0	10786.4104	0.0068
327.0	581.0	10460.1765	0.1699
345.0	877.0	10783.8875	0.0081
973.0	795.0	10783.8379	0.0081
130.0	247.0	10598.7213	0.1006
447.0	496.0	10338.8378	0.2306
926.0	384.0	10791.0510	0.0045
904.0	765.0	10699.6802	0.0502
508.0	286.0	10783.4315	0.0083
574.0	253.0	10781.5108	0.0092
251.0	142.0	10608.3854	0.0958
406.0	179.0	10789.4828	0.0053
74.0	154.0	10784.8931	0.0076
82.0	863.0	10750.6954	0.0247
684.0	669.0	10145.6975	0.3272
953.0	311.0	10784.7068	0.0076
890.0	513.0	10789.9826	0.0050
245.0	205.0	10197.0219	0.3015
420.0	773.0	10201.5021	0.2992
718.0	295.0	10781.1895	0.0094
128.0	677.0	10783.5635	0.0082
309.0	343.0	10749.3199	0.0253
259.0	287.0	10782.3442	0.0088
66.0	388.0	10783.9852	0.0080
217.0	689.0	10579.7525	0.1101
527.0	670.0	10677.7488	0.0611
621.0	935.0	10783.8477	0.0081
516.0	113.0	10783.7350	0.0081
800.0	681.0	10567.5792	0.1162
391.0	137.0	10783.9541	0.0080
526.0	550.0	10757.6879	0.0212
871.0	206.0	10787.2454	0.0064
302.0	154.0	10782.7726	0.0086
342.0	521.0	10515.2944	0.1424
499.0	342.0	10789.5193	0.0052
171.0	413.0	10784.2512	0.0079
207.0	998.0	10784.3592	0.0078
594.0	840.0	10784.3040	0.0078
181.0	739.0	10786.2079	0.0069
938.0	359.0	10791.7299	0.0041
233.0	311.0	10750.7108	0.0246
460.0	128.0	10672.4622	0.0638
235.0	397.0	9945.1100	0.4274
999.0	537.0	10788.9127	0.0055
554.0	291.0	10589.5200	0.1052
958.0	144.0	10785.0400	0.0075
344.0	740.0	10753.6296	0.0232
496.0	882.0	10783.2257	0.0084
860.0	547.0	10787.9536	0.0060
101.0	666.0	10766.3887	0.0168
898.0	716.0	10782.4152	0.0088
585.0	344.0	9597.6060	0.6012
697.0	957.0	10754.5187	0.0227
919.0	764.0	10784.0765	0.0080
745.0	883.0	10699.3595	0.0503
569.0	569.0	10785.0853	0.0075
899.0	499.0	10787.5836	0.0062
476.0	727.0	10780.7738	0.0096
57.0	326.0	10783.2802	0.0084
352.0	874.0	10784.7705	0.0076
61.0	159.0	10782.5604	0.0087
258.0	544.0	10783.3101	0.0083
419.0	510.0	10520.8101	0.1396
785.0	312.0	10714.4480	0.0428
197.0	132.0	10788.7135	0.0056
523.0	652.0	10191.2211	0.3044
295.0	706.0	10781.9206	0.0090
383.0	366.0	10786.2184	0.0069
479.0	513.0	9795.2914	0.5024
201.0	870.0	10785.1967	0.0074
923.0	134.0	10749.5392	0.0252
165.0	364.0	10749.8625	0.0251
857.0	619.0	10781.7170	0.0091
551.0	618.0	10783.6836	0.0082
370.0	16.0	10745.8100	0.0271
544.0	410.0	9667.0922	0.5665
581.0	950.0	10782.6752	0.0087
813.0	984.0	10783.8317	0.0081
620.0	694.0	10783.4921	0.0083
551.0	834.0	10722.9317	0.0385
259.0	846.0	10781.7521	0.0091
866.0	474.0	10782.9749	0.0085
264.0	532.0	10547.7365	0.1261
867.0	777.0	10783.6061	0.0082
629.0	839.0	10785.9239	0.0070
736.0	707.0	10602.1390	0.0989
125.0	308.0	10554.1266	0.1229
348.0	428.0	9798.3167	0.5008
123.0	201.0	10681.3817	0.0593
540.0	427.0	10787.9116	0.0060
39.0	974.0	7261.1410	0.6130
581.0	288.0	9915.1495	0.4424
