filename T #1 #2 #3 #4 #5 #6 #7 #8 #9 #10
1.txt 100000.0 104364.14453756415 105134.06597397284 105134.06597397284 105134.06597397284 105134.06597397284 105134.06597397284 105134.06597397284 105134.06597397284 105134.06597397284 105134.06597397284 
10.txt 100000.0 106104.34218963393 106104.34218963393 106104.34218963393 106104.34218963393 106104.34218963393 106104.34218963393 106104.34218963393 106104.34218963393 106104.34218963393 106104.34218963393 
2.txt 100000.0 105177.47803936552 105177.47803936552 105177.47803936552 105177.47803936552 105177.47803936552 105177.47803936552 105177.47803936552 105177.47803936552 105177.47803936552 105177.47803936552 
3.txt 100000.0 104651.47145898934 104651.47145898934 104651.47145898934 104651.47145898934 104651.47145898934 104651.47145898934 104651.47145898934 104651.47145898934 104651.47145898934 104651.47145898934 
4.txt 100000.0 104772.08355572393 104772.08355572393 104772.08355572393 104772.08355572393 104772.08355572393 104772.08355572393 104772.08355572393 104772.08355572393 104772.08355572393 104772.08355572393 
5.txt 100000.0 105660.07811964693 105660.07811964693 105660.07811964693 105660.07811964693 105660.07811964693 105660.07811964693 105660.07811964693 105660.07811964693 105660.07811964693 105660.07811964693 
6.txt 100000.0 104557.21433193938 104557.21433193938 104557.21433193938 104557.21433193938 104557.21433193938 104557.21433193938 104557.21433193938 104557.21433193938 104557.21433193938 104557.21433193938 
7.txt 100000.0 104256.53183587879 104256.53183587879 104256.53183587879 104256.53183587879 104256.53183587879 104256.53183587879 104256.53183587879 104256.53183587879 104256.53183587879 104256.53183587879 
8.txt 100000.0 104074.63442741235 104074.63442741235 104074.63442741235 104074.63442741235 104074.63442741235 104074.63442741235 104074.63442741235 104074.63442741235 104074.63442741235 104074.63442741235 
9.txt 100000.0 105317.20765659597 105317.20765659597 105317.20765659597 105317.20765659597 105317.20765659597 105317.20765659597 105317.20765659597 105317.20765659597 105317.20765659597 105317.20765659597 
1.txt 200000.0 314694.3901281723 315238.57942937844 315238.57942937844 315238.57942937844 315238.57942937844 315238.57942937844 315238.57942937844 315238.57942937844 315238.57942937844 315238.57942937844 
10.txt 200000.0 340470.94169895136 340470.94169895136 340470.94169895136 340470.94169895136 340470.94169895136 340470.94169895136 340470.94169895136 340470.94169895136 340470.94169895136 340470.94169895136 
2.txt 200000.0 341720.0170362605 341720.0170362605 341720.0170362605 341720.0170362605 341720.0170362605 341720.0170362605 341720.0170362605 341720.0170362605 341720.0170362605 341720.0170362605 
3.txt 200000.0 317005.1891994619 317005.1891994619 317005.1891994619 317005.1891994619 317005.1891994619 317005.1891994619 317005.1891994619 317005.1891994619 317005.1891994619 317005.1891994619 
4.txt 200000.0 380162.61097692826 380162.61097692826 380162.61097692826 380162.61097692826 380162.61097692826 380162.61097692826 380162.61097692826 380162.61097692826 380162.61097692826 380162.61097692826 
5.txt 200000.0 394232.74338059884 394232.74338059884 394232.74338059884 394232.74338059884 394232.74338059884 394232.74338059884 394232.74338059884 394232.74338059884 394232.74338059884 394232.74338059884 
6.txt 200000.0 356895.1618516066 356895.1618516066 356895.1618516066 356895.1618516066 356895.1618516066 356895.1618516066 356895.1618516066 356895.1618516066 356895.1618516066 356895.1618516066 
7.txt 200000.0 349603.8234482581 349603.8234482581 349603.8234482581 349603.8234482581 349603.8234482581 349603.8234482581 349603.8234482581 349603.8234482581 349603.8234482581 349603.8234482581 
8.txt 200000.0 415673.1553225357 415673.1553225357 415673.1553225357 415673.1553225357 415673.1553225357 415673.1553225357 415673.1553225357 415673.1553225357 415673.1553225357 415673.1553225357 
9.txt 200000.0 323570.95251562924 323570.95251562924 323570.95251562924 323570.95251562924 323570.95251562924 323570.95251562924 323570.95251562924 323570.95251562924 323570.95251562924 323570.95251562924 
1.txt 300000.0 523741.0338662041 526906.994434191 526906.994434191 526906.994434191 526906.994434191 526906.994434191 526906.994434191 526906.994434191 526906.994434191 526906.994434191 
10.txt 300000.0 577942.441031673 577942.441031673 577942.441031673 577942.441031673 577942.441031673 577942.441031673 577942.441031673 577942.441031673 577942.441031673 577942.441031673 
2.txt 300000.0 528708.3437440138 528708.3437440138 528708.3437440138 528708.3437440138 528708.3437440138 528708.3437440138 528708.3437440138 528708.3437440138 528708.3437440138 528708.3437440138 
3.txt 300000.0 576856.4320323599 576856.4320323599 576856.4320323599 576856.4320323599 576856.4320323599 576856.4320323599 576856.4320323599 576856.4320323599 576856.4320323599 576856.4320323599 
4.txt 300000.0 645660.7243171582 645660.7243171582 645660.7243171582 645660.7243171582 645660.7243171582 645660.7243171582 645660.7243171582 645660.7243171582 645660.7243171582 645660.7243171582 
5.txt 300000.0 535007.8007123909 535007.8007123909 535007.8007123909 535007.8007123909 535007.8007123909 535007.8007123909 535007.8007123909 535007.8007123909 535007.8007123909 535007.8007123909 
6.txt 300000.0 595706.7248204491 595706.7248204491 595706.7248204491 595706.7248204491 595706.7248204491 595706.7248204491 595706.7248204491 595706.7248204491 595706.7248204491 595706.7248204491 
7.txt 300000.0 532578.2205097284 532578.2205097284 532578.2205097284 532578.2205097284 532578.2205097284 532578.2205097284 532578.2205097284 532578.2205097284 532578.2205097284 532578.2205097284 
8.txt 300000.0 573404.8115930622 573404.8115930622 573404.8115930622 573404.8115930622 573404.8115930622 573404.8115930622 573404.8115930622 573404.8115930622 573404.8115930622 573404.8115930622 
9.txt 300000.0 620802.8261169189 620802.8261169189 620802.8261169189 620802.8261169189 620802.8261169189 620802.8261169189 620802.8261169189 620802.8261169189 620802.8261169189 620802.8261169189 
1.txt 400000.0 829982.5825539824 807328.3928861165 807328.3928861165 807328.3928861165 807328.3928861165 807328.3928861165 807328.3928861165 807328.3928861165 807328.3928861165 807328.3928861165 
10.txt 400000.0 902156.1551166711 902156.1551166711 902156.1551166711 902156.1551166711 902156.1551166711 902156.1551166711 902156.1551166711 902156.1551166711 902156.1551166711 902156.1551166711 
2.txt 400000.0 839462.9313021115 839462.9313021115 839462.9313021115 839462.9313021115 839462.9313021115 839462.9313021115 839462.9313021115 839462.9313021115 839462.9313021115 839462.9313021115 
3.txt 400000.0 733176.1274447722 733176.1274447722 733176.1274447722 733176.1274447722 733176.1274447722 733176.1274447722 733176.1274447722 733176.1274447722 733176.1274447722 733176.1274447722 
4.txt 400000.0 833164.3612526668 833164.3612526668 833164.3612526668 833164.3612526668 833164.3612526668 833164.3612526668 833164.3612526668 833164.3612526668 833164.3612526668 833164.3612526668 
5.txt 400000.0 733539.6831314071 733539.6831314071 733539.6831314071 733539.6831314071 733539.6831314071 733539.6831314071 733539.6831314071 733539.6831314071 733539.6831314071 733539.6831314071 
6.txt 400000.0 835967.3168233596 835967.3168233596 835967.3168233596 835967.3168233596 835967.3168233596 835967.3168233596 835967.3168233596 835967.3168233596 835967.3168233596 835967.3168233596 
7.txt 400000.0 816291.5918449651 816291.5918449651 816291.5918449651 816291.5918449651 816291.5918449651 816291.5918449651 816291.5918449651 816291.5918449651 816291.5918449651 816291.5918449651 
8.txt 400000.0 827490.8698689594 827490.8698689594 827490.8698689594 827490.8698689594 827490.8698689594 827490.8698689594 827490.8698689594 827490.8698689594 827490.8698689594 827490.8698689594 
9.txt 400000.0 771218.3442791416 771218.3442791416 771218.3442791416 771218.3442791416 771218.3442791416 771218.3442791416 771218.3442791416 771218.3442791416 771218.3442791416 771218.3442791416 
1.txt 500000.0 829982.5825539824 942150.8471304569 942150.8471304569 942150.8471304569 942150.8471304569 942150.8471304569 942150.8471304569 942150.8471304569 942150.8471304569 942150.8471304569 
10.txt 500000.0 945482.6382277202 945482.6382277202 945482.6382277202 945482.6382277202 945482.6382277202 945482.6382277202 945482.6382277202 945482.6382277202 945482.6382277202 945482.6382277202 
2.txt 500000.0 943274.4241403088 943274.4241403088 943274.4241403088 943274.4241403088 943274.4241403088 943274.4241403088 943274.4241403088 943274.4241403088 943274.4241403088 943274.4241403088 
3.txt 500000.0 733176.1274447722 733176.1274447722 733176.1274447722 733176.1274447722 733176.1274447722 733176.1274447722 733176.1274447722 733176.1274447722 733176.1274447722 733176.1274447722 
4.txt 500000.0 1146971.1677044549 1146971.1677044549 1146971.1677044549 1146971.1677044549 1146971.1677044549 1146971.1677044549 1146971.1677044549 1146971.1677044549 1146971.1677044549 1146971.1677044549 
5.txt 500000.0 733539.6831314071 733539.6831314071 733539.6831314071 733539.6831314071 733539.6831314071 733539.6831314071 733539.6831314071 733539.6831314071 733539.6831314071 733539.6831314071 
6.txt 500000.0 1002200.8436317029 1002200.8436317029 1002200.8436317029 1002200.8436317029 1002200.8436317029 1002200.8436317029 1002200.8436317029 1002200.8436317029 1002200.8436317029 1002200.8436317029 
7.txt 500000.0 1161689.756362381 1161689.756362381 1161689.756362381 1161689.756362381 1161689.756362381 1161689.756362381 1161689.756362381 1161689.756362381 1161689.756362381 1161689.756362381 
8.txt 500000.0 1033037.102149126 1033037.102149126 1033037.102149126 1033037.102149126 1033037.102149126 1033037.102149126 1033037.102149126 1033037.102149126 1033037.102149126 1033037.102149126 
9.txt 500000.0 1097362.6600869703 1097362.6600869703 1097362.6600869703 1097362.6600869703 1097362.6600869703 1097362.6600869703 1097362.6600869703 1097362.6600869703 1097362.6600869703 1097362.6600869703 
