filename T #1 #2 #3 #4 #5 #6 #7 #8 #9 #10
1.txt 100000.0 105137.22451922607 105111.14404728296 105111.14404728296 105111.14404728296 105111.14404728296 105111.14404728296 105111.14404728296 105111.14404728296 105111.14404728296 105111.14404728296 
10.txt 100000.0 104320.0727090915 104320.0727090915 104320.0727090915 104320.0727090915 104320.0727090915 104320.0727090915 104320.0727090915 104320.0727090915 104320.0727090915 104320.0727090915 
2.txt 100000.0 105341.97350832222 105341.97350832222 105341.97350832222 105341.97350832222 105341.97350832222 105341.97350832222 105341.97350832222 105341.97350832222 105341.97350832222 105341.97350832222 
3.txt 100000.0 105066.124915635 105066.124915635 105066.124915635 105066.124915635 105066.124915635 105066.124915635 105066.124915635 105066.124915635 105066.124915635 105066.124915635 
4.txt 100000.0 156570.7263823911 156570.7263823911 156570.7263823911 156570.7263823911 156570.7263823911 156570.7263823911 156570.7263823911 156570.7263823911 156570.7263823911 156570.7263823911 
5.txt 100000.0 105828.17025834906 105828.17025834906 105828.17025834906 105828.17025834906 105828.17025834906 105828.17025834906 105828.17025834906 105828.17025834906 105828.17025834906 105828.17025834906 
6.txt 100000.0 125437.41085146599 125437.41085146599 125437.41085146599 125437.41085146599 125437.41085146599 125437.41085146599 125437.41085146599 125437.41085146599 125437.41085146599 125437.41085146599 
7.txt 100000.0 104430.19174030908 104430.19174030908 104430.19174030908 104430.19174030908 104430.19174030908 104430.19174030908 104430.19174030908 104430.19174030908 104430.19174030908 104430.19174030908 
8.txt 100000.0 152550.8449563111 152550.8449563111 152550.8449563111 152550.8449563111 152550.8449563111 152550.8449563111 152550.8449563111 152550.8449563111 152550.8449563111 152550.8449563111 
9.txt 100000.0 106455.78338688129 106455.78338688129 106455.78338688129 106455.78338688129 106455.78338688129 106455.78338688129 106455.78338688129 106455.78338688129 106455.78338688129 106455.78338688129 
1.txt 200000.0 422341.1141705555 477372.21338097955 477372.21338097955 477372.21338097955 477372.21338097955 477372.21338097955 477372.21338097955 477372.21338097955 477372.21338097955 477372.21338097955 
10.txt 200000.0 424093.32353330875 424093.32353330875 424093.32353330875 424093.32353330875 424093.32353330875 424093.32353330875 424093.32353330875 424093.32353330875 424093.32353330875 424093.32353330875 
2.txt 200000.0 412092.3691545638 412092.3691545638 412092.3691545638 412092.3691545638 412092.3691545638 412092.3691545638 412092.3691545638 412092.3691545638 412092.3691545638 412092.3691545638 
3.txt 200000.0 418821.7676320167 418821.7676320167 418821.7676320167 418821.7676320167 418821.7676320167 418821.7676320167 418821.7676320167 418821.7676320167 418821.7676320167 418821.7676320167 
4.txt 200000.0 517301.7159710813 517301.7159710813 517301.7159710813 517301.7159710813 517301.7159710813 517301.7159710813 517301.7159710813 517301.7159710813 517301.7159710813 517301.7159710813 
5.txt 200000.0 424676.08973658946 424676.08973658946 424676.08973658946 424676.08973658946 424676.08973658946 424676.08973658946 424676.08973658946 424676.08973658946 424676.08973658946 424676.08973658946 
6.txt 200000.0 373798.9668451771 373798.9668451771 373798.9668451771 373798.9668451771 373798.9668451771 373798.9668451771 373798.9668451771 373798.9668451771 373798.9668451771 373798.9668451771 
7.txt 200000.0 415220.55655082414 415220.55655082414 415220.55655082414 415220.55655082414 415220.55655082414 415220.55655082414 415220.55655082414 415220.55655082414 415220.55655082414 415220.55655082414 
8.txt 200000.0 422700.8760818061 422700.8760818061 422700.8760818061 422700.8760818061 422700.8760818061 422700.8760818061 422700.8760818061 422700.8760818061 422700.8760818061 422700.8760818061 
9.txt 200000.0 387112.589023341 387112.589023341 387112.589023341 387112.589023341 387112.589023341 387112.589023341 387112.589023341 387112.589023341 387112.589023341 387112.589023341 
1.txt 300000.0 685509.9376011274 728423.5145562616 728423.5145562616 728423.5145562616 728423.5145562616 728423.5145562616 728423.5145562616 728423.5145562616 728423.5145562616 728423.5145562616 
10.txt 300000.0 732226.0897648713 732226.0897648713 732226.0897648713 732226.0897648713 732226.0897648713 732226.0897648713 732226.0897648713 732226.0897648713 732226.0897648713 732226.0897648713 
2.txt 300000.0 622918.0054805047 622918.0054805047 622918.0054805047 622918.0054805047 622918.0054805047 622918.0054805047 622918.0054805047 622918.0054805047 622918.0054805047 622918.0054805047 
3.txt 300000.0 601560.9194167866 601560.9194167866 601560.9194167866 601560.9194167866 601560.9194167866 601560.9194167866 601560.9194167866 601560.9194167866 601560.9194167866 601560.9194167866 
4.txt 300000.0 756124.7533432087 756124.7533432087 756124.7533432087 756124.7533432087 756124.7533432087 756124.7533432087 756124.7533432087 756124.7533432087 756124.7533432087 756124.7533432087 
5.txt 300000.0 634309.9494109026 634309.9494109026 634309.9494109026 634309.9494109026 634309.9494109026 634309.9494109026 634309.9494109026 634309.9494109026 634309.9494109026 634309.9494109026 
6.txt 300000.0 605048.1645784796 605048.1645784796 605048.1645784796 605048.1645784796 605048.1645784796 605048.1645784796 605048.1645784796 605048.1645784796 605048.1645784796 605048.1645784796 
7.txt 300000.0 671969.3795614647 671969.3795614647 671969.3795614647 671969.3795614647 671969.3795614647 671969.3795614647 671969.3795614647 671969.3795614647 671969.3795614647 671969.3795614647 
8.txt 300000.0 690784.5101805499 690784.5101805499 690784.5101805499 690784.5101805499 690784.5101805499 690784.5101805499 690784.5101805499 690784.5101805499 690784.5101805499 690784.5101805499 
9.txt 300000.0 721948.0734148852 721948.0734148852 721948.0734148852 721948.0734148852 721948.0734148852 721948.0734148852 721948.0734148852 721948.0734148852 721948.0734148852 721948.0734148852 
1.txt 400000.0 1029391.2660671179 1043350.1543256268 1043350.1543256268 1043350.1543256268 1043350.1543256268 1043350.1543256268 1043350.1543256268 1043350.1543256268 1043350.1543256268 1043350.1543256268 
10.txt 400000.0 937489.9565740394 937489.9565740394 937489.9565740394 937489.9565740394 937489.9565740394 937489.9565740394 937489.9565740394 937489.9565740394 937489.9565740394 937489.9565740394 
2.txt 400000.0 924373.3684776932 924373.3684776932 924373.3684776932 924373.3684776932 924373.3684776932 924373.3684776932 924373.3684776932 924373.3684776932 924373.3684776932 924373.3684776932 
3.txt 400000.0 920183.8715541407 920183.8715541407 920183.8715541407 920183.8715541407 920183.8715541407 920183.8715541407 920183.8715541407 920183.8715541407 920183.8715541407 920183.8715541407 
4.txt 400000.0 942561.2658402455 942561.2658402455 942561.2658402455 942561.2658402455 942561.2658402455 942561.2658402455 942561.2658402455 942561.2658402455 942561.2658402455 942561.2658402455 
5.txt 400000.0 947447.3219482627 947447.3219482627 947447.3219482627 947447.3219482627 947447.3219482627 947447.3219482627 947447.3219482627 947447.3219482627 947447.3219482627 947447.3219482627 
6.txt 400000.0 834136.6038975302 834136.6038975302 834136.6038975302 834136.6038975302 834136.6038975302 834136.6038975302 834136.6038975302 834136.6038975302 834136.6038975302 834136.6038975302 
7.txt 400000.0 1051785.2736533412 1051785.2736533412 1051785.2736533412 1051785.2736533412 1051785.2736533412 1051785.2736533412 1051785.2736533412 1051785.2736533412 1051785.2736533412 1051785.2736533412 
8.txt 400000.0 842000.3364075039 842000.3364075039 842000.3364075039 842000.3364075039 842000.3364075039 842000.3364075039 842000.3364075039 842000.3364075039 842000.3364075039 842000.3364075039 
9.txt 400000.0 845832.5255315483 845832.5255315483 845832.5255315483 845832.5255315483 845832.5255315483 845832.5255315483 845832.5255315483 845832.5255315483 845832.5255315483 845832.5255315483 
1.txt 500000.0 1325074.7154695063 1287354.6114447983 1287354.6114447983 1287354.6114447983 1287354.6114447983 1287354.6114447983 1287354.6114447983 1287354.6114447983 1287354.6114447983 1287354.6114447983 
10.txt 500000.0 1121082.3101215747 1121082.3101215747 1121082.3101215747 1121082.3101215747 1121082.3101215747 1121082.3101215747 1121082.3101215747 1121082.3101215747 1121082.3101215747 1121082.3101215747 
2.txt 500000.0 1040535.5504875871 1040535.5504875871 1040535.5504875871 1040535.5504875871 1040535.5504875871 1040535.5504875871 1040535.5504875871 1040535.5504875871 1040535.5504875871 1040535.5504875871 
3.txt 500000.0 1225400.874785541 1225400.874785541 1225400.874785541 1225400.874785541 1225400.874785541 1225400.874785541 1225400.874785541 1225400.874785541 1225400.874785541 1225400.874785541 
4.txt 500000.0 1233399.725401589 1233399.725401589 1233399.725401589 1233399.725401589 1233399.725401589 1233399.725401589 1233399.725401589 1233399.725401589 1233399.725401589 1233399.725401589 
5.txt 500000.0 1248737.927087128 1248737.927087128 1248737.927087128 1248737.927087128 1248737.927087128 1248737.927087128 1248737.927087128 1248737.927087128 1248737.927087128 1248737.927087128 
6.txt 500000.0 1010872.5886307197 1010872.5886307197 1010872.5886307197 1010872.5886307197 1010872.5886307197 1010872.5886307197 1010872.5886307197 1010872.5886307197 1010872.5886307197 1010872.5886307197 
7.txt 500000.0 1285229.1422143956 1285229.1422143956 1285229.1422143956 1285229.1422143956 1285229.1422143956 1285229.1422143956 1285229.1422143956 1285229.1422143956 1285229.1422143956 1285229.1422143956 
8.txt 500000.0 1049110.02295618 1049110.02295618 1049110.02295618 1049110.02295618 1049110.02295618 1049110.02295618 1049110.02295618 1049110.02295618 1049110.02295618 1049110.02295618 
9.txt 500000.0 1045325.9667675298 1045325.9667675298 1045325.9667675298 1045325.9667675298 1045325.9667675298 1045325.9667675298 1045325.9667675298 1045325.9667675298 1045325.9667675298 1045325.9667675298 
