250.0 250.0
62.0 19.0 0.0028 10791.4502
92.0 10.0 0.0035 10789.5672
133.0 26.0 0.0029 10791.3178
168.0 25.0 0.0034 10789.6854
204.0 18.0 0.0034 10789.6512
238.0 12.0 0.0036 10789.3344
266.0 25.0 0.0036 10789.2979
311.0 21.0 0.0031 10790.8142
346.0 22.0 0.0034 10789.9003
380.0 26.0 0.0037 10788.7867
408.0 21.0 0.0033 10790.1599
455.0 20.0 0.0033 10789.9891
13.0 62.0 0.0039 10788.3440
44.0 51.0 0.0030 10790.9582
85.0 44.0 0.0038 10788.5810
124.0 63.0 0.0039 10788.3620
164.0 44.0 0.0115 10765.3728
191.0 51.0 0.0033 10790.1051
228.0 61.0 0.0023 10792.9770
268.0 47.0 0.0034 10789.8228
314.0 44.0 0.0035 10789.4123
343.0 60.0 0.0030 10790.9950
383.0 59.0 0.0040 10787.8632
402.0 61.0 0.0032 10790.3704
440.0 57.0 0.0036 10789.1139
472.0 58.0 0.0030 10790.9411
11.0 80.0 0.0046 10786.3434
47.0 84.0 0.0035 10789.5263
95.0 88.0 0.0305 10708.4595
126.0 99.0 0.0028 10791.6973
159.0 88.0 0.0169 10749.2958
205.0 96.0 0.0175 10747.4292
230.0 96.0 0.0219 10734.3179
277.0 85.0 0.0096 10771.3300
302.0 89.0 0.0102 10769.5448
340.0 99.0 0.0160 10752.1047
367.0 90.0 0.0084 10774.8731
412.0 85.0 0.0181 10745.8407
446.0 79.0 0.0034 10789.9398
492.0 85.0 0.0039 10788.4158
13.0 123.0 0.0033 10790.1944
60.0 122.0 0.0025 10792.5344
98.0 127.0 0.0034 10789.7015
133.0 121.0 0.0096 10771.1415
153.0 122.0 0.0036 10789.1091
187.0 131.0 0.0238 10728.4912
235.0 121.0 0.0213 10736.1846
270.0 115.0 0.0100 10770.1133
312.0 117.0 0.0039 10788.3219
336.0 132.0 0.0335 10699.4212
383.0 126.0 0.0163 10751.2428
405.0 127.0 0.0157 10752.8780
439.0 120.0 0.0090 10773.1038
491.0 124.0 0.0040 10787.8927
22.0 169.0 0.0029 10791.2871
63.0 153.0 0.0110 10767.0758
78.0 159.0 0.0152 10754.4467
117.0 152.0 0.0099 10770.3087
150.0 151.0 0.0321 10703.6164
204.0 156.0 0.0366 10690.3204
231.0 151.0 0.0034 10789.8508
264.0 162.0 0.0806 10558.0612
311.0 163.0 0.0235 10729.5968
347.0 153.0 0.0158 10752.5067
378.0 151.0 0.0300 10709.9605
402.0 159.0 0.0034 10789.9385
456.0 164.0 0.0101 10769.8294
482.0 158.0 0.0040 10787.8757
9.0 200.0 0.0035 10789.3853
52.0 196.0 0.0039 10788.2350
87.0 195.0 0.0111 10766.6084
129.0 206.0 0.0407 10677.8421
168.0 206.0 0.0031 10790.5746
193.0 198.0 0.0605 10618.6305
240.0 196.0 0.0246 10726.2461
260.0 197.0 0.0333 10700.0918
313.0 199.0 0.0833 10549.9560
331.0 192.0 0.0263 10721.0004
370.0 192.0 0.0211 10736.7321
408.0 198.0 0.0105 10768.5048
448.0 206.0 0.0033 10790.0373
476.0 204.0 0.0028 10791.4503
7.0 227.0 0.0035 10789.4444
53.0 227.0 0.0041 10787.6418
91.0 234.0 0.0150 10755.1150
134.0 230.0 0.0100 10770.0398
168.0 231.0 0.0635 10609.5833
199.0 231.0 0.0407 10678.0448
240.0 231.0 0.0384 10684.7917
273.0 229.0 0.0458 10662.6252
310.0 226.0 0.0423 10672.9906
332.0 229.0 0.0496 10651.1431
370.0 223.0 0.0222 10733.3056
414.0 232.0 0.0099 10770.4230
441.0 235.0 0.0031 10790.7113
480.0 225.0 0.0035 10789.5476
9.0 267.0 0.0034 10789.6813
61.0 266.0 0.0029 10791.4476
94.0 268.0 0.0236 10729.3273
134.0 266.0 0.0146 10756.1753
152.0 269.0 0.0242 10727.4696
204.0 273.0 0.0710 10587.0588
234.0 267.0 0.0709 10587.3552
273.0 271.0 0.0493 10652.2212
307.0 268.0 0.0680 10595.9249
337.0 271.0 0.0254 10723.7461
382.0 276.0 0.0096 10771.2508
403.0 260.0 0.0161 10751.8386
450.0 261.0 0.0040 10787.9372
492.0 259.0 0.0044 10786.6835
20.0 304.0 0.0038 10788.5105
49.0 310.0 0.0030 10790.8957
78.0 301.0 0.0173 10748.2480
122.0 302.0 0.0176 10747.1001
162.0 301.0 0.0349 10695.3487
201.0 295.0 0.0318 10704.7498
230.0 302.0 0.0130 10760.9330
259.0 296.0 0.0375 10687.4452
303.0 294.0 0.0505 10648.5916
339.0 307.0 0.0216 10735.1702
380.0 305.0 0.0097 10770.9059
421.0 296.0 0.0177 10746.9097
452.0 306.0 0.0035 10789.5456
485.0 304.0 0.0026 10792.2690
13.0 349.0 0.0036 10789.0705
60.0 342.0 0.0033 10790.2244
87.0 341.0 0.0104 10768.8616
135.0 337.0 0.0285 10714.4579
158.0 334.0 0.0280 10716.1235
195.0 338.0 0.0282 10715.4096
227.0 331.0 0.0304 10708.6983
276.0 336.0 0.0403 10679.1771
312.0 340.0 0.0349 10695.3541
339.0 349.0 0.0239 10728.2311
364.0 343.0 0.0289 10713.1641
414.0 329.0 0.0033 10790.2241
448.0 349.0 0.0034 10789.7347
487.0 336.0 0.0035 10789.4822
25.0 373.0 0.0042 10787.3332
56.0 379.0 0.0038 10788.7491
95.0 374.0 0.0092 10772.2981
116.0 373.0 0.0167 10749.8480
156.0 384.0 0.0240 10728.0937
186.0 366.0 0.0094 10771.7796
225.0 364.0 0.0093 10772.0978
271.0 382.0 0.0102 10769.2591
297.0 365.0 0.0154 10753.7677
335.0 371.0 0.0167 10749.9669
369.0 372.0 0.0091 10772.7795
415.0 374.0 0.0164 10750.7444
436.0 381.0 0.0170 10748.9607
491.0 385.0 0.0032 10790.3671
28.0 405.0 0.0037 10788.8819
42.0 418.0 0.0038 10788.5491
92.0 400.0 0.0160 10751.9718
124.0 411.0 0.0098 10770.4771
167.0 415.0 0.0033 10790.0674
193.0 421.0 0.0164 10750.7149
226.0 418.0 0.0246 10726.1824
262.0 421.0 0.0104 10768.7660
312.0 417.0 0.0181 10745.7973
338.0 410.0 0.0031 10790.6085
372.0 404.0 0.0238 10728.5307
416.0 413.0 0.0037 10788.9589
437.0 405.0 0.0033 10789.9726
475.0 407.0 0.0029 10791.2411
28.0 443.0 0.0033 10790.0619
52.0 453.0 0.0039 10788.2208
88.0 453.0 0.0035 10789.6192
134.0 453.0 0.0094 10771.6692
152.0 445.0 0.0036 10789.1402
193.0 457.0 0.0037 10788.8167
229.0 449.0 0.0036 10789.2279
262.0 456.0 0.0030 10791.0054
314.0 441.0 0.0029 10791.1923
331.0 444.0 0.0037 10788.8923
368.0 441.0 0.0096 10771.1635
418.0 454.0 0.0028 10791.4995
446.0 447.0 0.0036 10789.1540
490.0 451.0 0.0038 10788.7149
63.0 487.0 0.0035 10789.3852
86.0 477.0 0.0031 10790.6688
130.0 473.0 0.0034 10789.6811
161.0 492.0 0.0033 10790.0415
194.0 482.0 0.0033 10790.2443
222.0 480.0 0.0030 10790.9628
272.0 488.0 0.0031 10790.7236
295.0 491.0 0.0030 10790.9011
346.0 488.0 0.0031 10790.6841
372.0 480.0 0.0039 10788.2354
405.0 482.0 0.0035 10789.3851
440.0 485.0 0.0038 10788.7042
445.0 20.0 0.0031 10790.6349
36.0 335.0 0.0040 10788.1285
136.0 33.0 0.0037 10788.7748
205.0 319.0 0.0308 10707.7015
37.0 471.0 0.0043 10787.2420
33.0 30.0 0.0037 10788.7686
471.0 101.0 0.0028 10791.4527
467.0 464.0 0.0044 10786.9370
