250.0 250.0
16.0 12.0 0.0036 10789.1395
40.0 10.0 0.0035 10789.5275
77.0 21.0 0.0030 10790.9502
107.0 18.0 0.0029 10791.3292
127.0 22.0 0.0035 10789.5834
169.0 20.0 0.0036 10789.1760
183.0 12.0 0.0043 10786.9997
226.0 19.0 0.0036 10789.1020
243.0 16.0 0.0038 10788.7022
284.0 20.0 0.0039 10788.2905
307.0 16.0 0.0042 10787.3680
329.0 22.0 0.0036 10789.1869
372.0 8.0 0.0031 10790.6502
388.0 18.0 0.0041 10787.6238
423.0 8.0 0.0038 10788.4819
459.0 13.0 0.0032 10790.3726
484.0 17.0 0.0032 10790.4333
8.0 39.0 0.0029 10791.1507
44.0 49.0 0.0034 10789.8410
74.0 37.0 0.0031 10790.6769
111.0 47.0 0.0036 10789.1941
136.0 42.0 0.0036 10789.0976
163.0 48.0 0.0038 10788.4592
194.0 36.0 0.0029 10791.2219
225.0 49.0 0.0032 10790.3837
249.0 39.0 0.0041 10787.7467
271.0 52.0 0.0036 10789.0743
316.0 52.0 0.0037 10788.9850
334.0 47.0 0.0034 10789.6792
360.0 37.0 0.0033 10789.9811
401.0 35.0 0.0036 10789.0866
428.0 45.0 0.0030 10790.9254
449.0 50.0 0.0038 10788.5776
492.0 41.0 0.0029 10791.3026
16.0 79.0 0.0041 10787.6996
36.0 65.0 0.0036 10789.3262
69.0 81.0 0.0164 10750.6749
104.0 65.0 0.0089 10773.2364
127.0 64.0 0.0105 10768.6352
162.0 69.0 0.0106 10768.1981
183.0 77.0 0.0035 10789.4747
218.0 68.0 0.0025 10792.3956
257.0 66.0 0.0027 10791.9925
281.0 78.0 0.0040 10788.0337
304.0 72.0 0.0036 10789.3493
338.0 72.0 0.0103 10769.1953
359.0 71.0 0.0099 10770.3010
405.0 73.0 0.0106 10768.0830
431.0 71.0 0.0172 10748.2653
457.0 80.0 0.0038 10788.4541
479.0 69.0 0.0030 10791.1392
9.0 108.0 0.0036 10789.1159
38.0 106.0 0.0036 10789.2498
77.0 102.0 0.0031 10790.7834
100.0 111.0 0.0283 10715.2380
131.0 110.0 0.0093 10772.1822
162.0 111.0 0.0037 10788.9785
199.0 100.0 0.0244 10726.7100
215.0 103.0 0.0105 10768.4263
257.0 103.0 0.0201 10739.7790
283.0 100.0 0.0104 10768.7241
310.0 101.0 0.0179 10746.2960
338.0 96.0 0.0100 10770.0186
374.0 105.0 0.0167 10749.8335
389.0 107.0 0.0104 10768.8817
421.0 97.0 0.0093 10772.0976
459.0 99.0 0.0036 10789.0923
486.0 98.0 0.0038 10788.7482
23.0 127.0 0.0033 10790.1142
51.0 135.0 0.0034 10789.6908
65.0 131.0 0.0041 10787.7209
95.0 134.0 0.0102 10769.2682
140.0 129.0 0.0404 10678.8815
167.0 132.0 0.0228 10731.5515
192.0 135.0 0.0038 10788.5434
215.0 131.0 0.0038 10788.6132
241.0 127.0 0.0385 10684.3922
280.0 127.0 0.0219 10734.2351
304.0 135.0 0.0163 10751.0379
332.0 124.0 0.0249 10725.2302
369.0 132.0 0.0242 10727.4492
404.0 140.0 0.0100 10770.0162
430.0 126.0 0.0096 10771.1779
452.0 126.0 0.0033 10789.9880
490.0 128.0 0.0038 10788.5036
15.0 165.0 0.0038 10788.6898
46.0 162.0 0.0030 10790.9340
70.0 161.0 0.0039 10788.2368
100.0 155.0 0.0175 10747.3626
126.0 157.0 0.0178 10746.6435
167.0 152.0 0.0377 10686.7855
185.0 156.0 0.0217 10735.0270
212.0 164.0 0.0032 10790.3918
246.0 170.0 0.0423 10673.1542
283.0 160.0 0.0149 10755.1532
317.0 168.0 0.0234 10729.8746
337.0 170.0 0.0392 10682.4445
373.0 159.0 0.0233 10730.1473
400.0 154.0 0.0111 10766.6892
428.0 169.0 0.0034 10789.8209
450.0 167.0 0.0032 10790.5101
492.0 162.0 0.0031 10790.7287
21.0 197.0 0.0032 10790.2837
45.0 194.0 0.0036 10789.2521
80.0 191.0 0.0037 10788.9929
100.0 189.0 0.0087 10774.0266
138.0 182.0 0.0101 10769.6438
165.0 185.0 0.0256 10723.2092
196.0 188.0 0.0528 10641.6266
214.0 186.0 0.0678 10596.6981
257.0 195.0 0.0677 10596.8035
280.0 197.0 0.0245 10726.5888
313.0 198.0 0.0564 10630.9480
330.0 192.0 0.0037 10789.0203
369.0 186.0 0.0224 10732.8799
395.0 186.0 0.0238 10728.7082
429.0 189.0 0.0165 10750.5878
460.0 188.0 0.0039 10788.2904
481.0 187.0 0.0036 10789.0906
19.0 217.0 0.0037 10788.8878
42.0 218.0 0.0037 10789.0181
74.0 224.0 0.0034 10789.8938
103.0 216.0 0.0161 10751.7196
125.0 228.0 0.0284 10714.8819
164.0 216.0 0.0446 10666.3322
188.0 220.0 0.0381 10685.7564
225.0 219.0 0.0801 10559.5524
257.0 226.0 0.1150 10455.1425
287.0 217.0 0.1173 10447.9869
301.0 212.0 0.0243 10727.0285
340.0 217.0 0.0177 10746.7579
374.0 217.0 0.0113 10766.2092
388.0 224.0 0.0112 10766.3056
423.0 228.0 0.0031 10790.7661
454.0 220.0 0.0035 10789.6303
478.0 219.0 0.0044 10786.8850
14.0 249.0 0.0040 10787.9423
41.0 254.0 0.0043 10786.9727
70.0 244.0 0.0031 10790.6852
100.0 246.0 0.0145 10756.5696
131.0 255.0 0.0109 10767.3898
163.0 254.0 0.0247 10725.9348
197.0 243.0 0.0399 10680.2310
222.0 258.0 0.1543 10336.9832
249.0 255.0 0.0157 10752.9841
276.0 248.0 0.0017 10794.7971
304.0 245.0 0.0559 10632.3935
342.0 248.0 0.0444 10666.8751
373.0 241.0 0.0393 10682.0302
393.0 255.0 0.0040 10787.9726
428.0 251.0 0.0036 10789.2325
462.0 251.0 0.0039 10788.4003
483.0 245.0 0.0034 10789.7594
22.0 286.0 0.0037 10788.7617
43.0 271.0 0.0043 10787.1595
65.0 283.0 0.0090 10772.9209
105.0 282.0 0.0239 10728.2748
138.0 275.0 0.0293 10711.9990
166.0 286.0 0.0187 10744.0249
196.0 283.0 0.0027 10791.9315
217.0 270.0 0.0375 10687.4440
241.0 280.0 0.0496 10651.2591
272.0 287.0 0.0793 10562.0209
303.0 285.0 0.0493 10652.0928
330.0 271.0 0.0365 10690.4755
364.0 276.0 0.0094 10771.8864
388.0 279.0 0.0107 10768.0178
421.0 284.0 0.0244 10726.9032
462.0 285.0 0.0033 10789.9926
490.0 277.0 0.0026 10792.1128
6.0 317.0 0.0029 10791.2111
41.0 310.0 0.0031 10790.6733
72.0 312.0 0.0106 10768.3232
104.0 311.0 0.0096 10771.3467
133.0 316.0 0.0033 10790.2356
158.0 314.0 0.0447 10665.9548
182.0 301.0 0.0840 10547.9495
216.0 304.0 0.0328 10701.7428
251.0 300.0 0.0172 10748.4566
272.0 315.0 0.0499 10650.3738
311.0 309.0 0.0418 10674.6335
346.0 315.0 0.0477 10656.9636
366.0 302.0 0.0284 10714.7220
399.0 309.0 0.0288 10713.7071
418.0 315.0 0.0089 10773.2732
447.0 317.0 0.0032 10790.3355
493.0 306.0 0.0031 10790.5695
22.0 344.0 0.0038 10788.5132
39.0 342.0 0.0041 10787.7767
74.0 334.0 0.0036 10789.1882
98.0 337.0 0.0110 10767.0703
132.0 334.0 0.0175 10747.4744
153.0 333.0 0.0329 10701.2236
191.0 333.0 0.0373 10688.0321
220.0 342.0 0.0370 10689.0818
245.0 332.0 0.0289 10713.3394
274.0 346.0 0.0203 10739.1634
306.0 333.0 0.0091 10772.5686
340.0 333.0 0.0235 10729.6298
364.0 332.0 0.0032 10790.2504
405.0 344.0 0.0086 10774.1296
433.0 341.0 0.0091 10772.5711
461.0 339.0 0.0030 10790.9965
478.0 345.0 0.0035 10789.4689
11.0 361.0 0.0033 10790.0347
49.0 368.0 0.0114 10765.7448
70.0 364.0 0.0111 10766.7838
98.0 370.0 0.0172 10748.4036
129.0 365.0 0.0230 10730.8791
155.0 372.0 0.0347 10695.8235
183.0 361.0 0.0099 10770.4109
218.0 375.0 0.0157 10752.8373
253.0 374.0 0.0187 10743.7924
272.0 359.0 0.0258 10722.6665
308.0 371.0 0.0318 10704.6672
331.0 372.0 0.0231 10730.5943
375.0 359.0 0.0341 10697.6174
396.0 370.0 0.0157 10752.9404
424.0 369.0 0.0036 10789.0657
453.0 374.0 0.0040 10788.0047
478.0 360.0 0.0031 10790.8200
13.0 393.0 0.0040 10787.9528
41.0 405.0 0.0043 10787.2032
75.0 405.0 0.0041 10787.6609
111.0 398.0 0.0033 10790.1978
138.0 405.0 0.0107 10767.9692
153.0 403.0 0.0172 10748.4886
197.0 390.0 0.0178 10746.5522
216.0 389.0 0.0113 10766.1989
256.0 405.0 0.0215 10735.4160
284.0 402.0 0.0111 10766.7334
312.0 395.0 0.0106 10768.0899
336.0 398.0 0.0091 10772.5903
364.0 401.0 0.0035 10789.5767
392.0 400.0 0.0170 10748.9326
434.0 399.0 0.0094 10771.7323
453.0 396.0 0.0036 10789.1908
477.0 388.0 0.0037 10788.8011
15.0 430.0 0.0038 10788.7085
44.0 425.0 0.0033 10790.1969
71.0 431.0 0.0104 10768.9459
106.0 427.0 0.0217 10734.8315
139.0 426.0 0.0037 10788.8836
153.0 422.0 0.0041 10787.5803
196.0 431.0 0.0035 10789.4678
217.0 424.0 0.0035 10789.4872
241.0 424.0 0.0036 10789.1975
276.0 427.0 0.0033 10790.0078
311.0 429.0 0.0177 10746.9764
338.0 432.0 0.0027 10791.9184
369.0 427.0 0.0112 10766.4551
394.0 434.0 0.0108 10767.5350
435.0 423.0 0.0093 10772.2361
455.0 424.0 0.0039 10788.3751
477.0 417.0 0.0037 10788.7961
15.0 449.0 0.0040 10787.8698
43.0 461.0 0.0030 10791.0900
71.0 449.0 0.0033 10790.2202
106.0 450.0 0.0037 10788.9781
135.0 450.0 0.0039 10788.3026
166.0 450.0 0.0035 10789.4523
197.0 456.0 0.0035 10789.6303
217.0 461.0 0.0034 10789.8840
248.0 457.0 0.0035 10789.4680
282.0 461.0 0.0028 10791.6462
301.0 454.0 0.0039 10788.4440
345.0 458.0 0.0038 10788.5161
361.0 464.0 0.0035 10789.4434
392.0 455.0 0.0031 10790.6188
426.0 453.0 0.0036 10789.1750
460.0 456.0 0.0038 10788.4545
489.0 447.0 0.0034 10789.7949
20.0 488.0 0.0032 10790.5388
51.0 485.0 0.0038 10788.6566
67.0 492.0 0.0032 10790.3286
111.0 478.0 0.0038 10788.6021
127.0 484.0 0.0037 10789.0356
167.0 482.0 0.0034 10789.8826
184.0 478.0 0.0040 10788.0163
212.0 485.0 0.0029 10791.2947
258.0 483.0 0.0033 10790.0652
276.0 487.0 0.0038 10788.6519
300.0 488.0 0.0040 10788.0059
345.0 492.0 0.0033 10790.0775
376.0 485.0 0.0041 10787.7379
405.0 493.0 0.0037 10788.9219
429.0 482.0 0.0041 10787.8369
453.0 478.0 0.0030 10791.0830
490.0 489.0 0.0032 10790.3428
428.0 10.0 0.0038 10788.5933
89.0 175.0 0.0036 10789.0723
239.0 156.0 0.0270 10718.9272
208.0 289.0 0.0399 10680.1581
188.0 277.0 0.0264 10720.8576
218.0 420.0 0.0163 10751.2458
476.0 319.0 0.0031 10790.6915
140.0 320.0 0.0031 10790.7699
438.0 225.0 0.0043 10786.9505
424.0 153.0 0.0106 10768.1652
464.0 167.0 0.0031 10790.8092
