500.0 500.0
54.0 62.0 0.0302215472004 9697.784528 
114.0 63.0 0.0370961648008 9629.03835199 
228.0 44.0 0.0311698048005 9688.301952 
291.0 27.0 0.0650024560006 9349.97543999 
361.0 40.0 0.0729609975996 9270.390024 
434.0 53.0 0.042742681601 9572.57318399 
521.0 56.0 0.0258061440001 9741.93856 
575.0 40.0 0.0345156176003 9654.843824 
637.0 61.0 0.0346933984003 9653.066016 
715.0 99.0 0.00828800000022 9917.12 
785.0 112.0 0.0141177792004 9858.822208 
882.0 102.0 0.0141177792004 9858.822208 
81.0 151.0 0.0217121600004 9782.8784 
132.0 123.0 0.0243060000006 9756.93999999 
243.0 139.0 0.0377518400006 9622.48159999 
297.0 141.0 0.085400857201 9145.99142799 
354.0 110.0 0.0244120000006 9755.87999999 
436.0 131.0 0.00826600000022 9917.34 
524.0 132.0 0.00819200000022 9918.08 
582.0 118.0 0.0243940000006 9756.05999999 
660.0 127.0 0.0261836500001 9738.1635 
779.0 171.0 0.00828800000022 9917.12 
851.0 161.0 0.0162077879998 9837.92212 
933.0 184.0 0.0304424616006 9695.57538399 
42.0 216.0 0.0380036552009 9619.96344799 
125.0 224.0 0.046520524001 9534.79475999 
206.0 209.0 0.0838567320015 9161.43267998 
283.0 210.0 0.0798953632013 9201.04636799 
347.0 200.0 0.175637038001 8243.62961999 
424.0 220.0 0.229531366402 7704.68633598 
501.0 205.0 0.0488418432008 9511.58156799 
588.0 231.0 0.0310631664001 9689.368336 
678.0 262.0 0.0318652380002 9681.34762 
763.0 238.0 0.0157800780003 9842.19922 
850.0 232.0 0.0161800000004 9838.2 
938.0 243.0 0.0761010424002 9238.989576 
49.0 273.0 0.076052573601 9239.47426399 
124.0 282.0 0.136270232002 8637.29767998 
200.0 284.0 0.178234880003 8217.65119997 
272.0 308.0 0.158768184 8412.31816 
350.0 299.0 0.0490480000013 9509.51999999 
444.0 287.0 0.274998176001 7250.01823999 
519.0 273.0 0.186032236402 8139.67763598 
596.0 293.0 0.086771268801 9132.28731199 
670.0 311.0 0.104851353603 8951.48646397 
724.0 313.0 0.130731489602 8692.68510398 
799.0 297.0 0.00807000000021 9919.3 
939.0 318.0 0.0625131464008 9374.86853599 
60.0 385.0 0.0343594800002 9656.4052 
106.0 354.0 0.0328220000009 9671.77999999 
193.0 358.0 0.0328220000009 9671.77999999 
277.0 382.0 0.0833446432015 9166.55356799 
364.0 393.0 0.0498286000012 9501.71399999 
457.0 361.0 0.0905440000024 9094.55999998 
508.0 350.0 0.0905440000024 9094.55999998 
611.0 400.0 0.335406650005 6645.93349995 
684.0 371.0 0.242886028004 7571.13971996 
749.0 386.0 0.136484960002 8635.15039998 
811.0 390.0 0.0393148960004 9606.85104 
947.0 383.0 0.0247880000007 9752.11999999 
61.0 462.0 0.0362914680004 9637.08532 
173.0 463.0 0.0573432200001 9426.5678 
221.0 474.0 0.0711227520007 9288.77247999 
304.0 452.0 0.0751969256011 9248.03074399 
375.0 466.0 0.124699593601 8753.00406399 
438.0 468.0 0.138558966403 8614.41033597 
556.0 450.0 0.326079539203 6739.20460797 
615.0 477.0 0.258572496006 7414.27503994 
709.0 473.0 0.0246040000006 9753.95999999 
773.0 479.0 0.0613587456011 9386.41254399 
829.0 474.0 0.0677959884018 9322.04011598 
900.0 461.0 0.0333910200003 9666.0898 
68.0 521.0 0.0412480000011 9587.51999999 
159.0 527.0 0.0316760128007 9683.23987199 
248.0 547.0 0.0328300000009 9671.69999999 
314.0 536.0 0.0334658 9665.342 
384.0 551.0 0.0786294868006 9213.70513199 
459.0 527.0 0.0943789960021 9056.21003998 
549.0 542.0 0.014891292 9851.08708 
652.0 540.0 0.101338564002 8986.61435998 
713.0 557.0 0.039897056001 9601.02943999 
768.0 533.0 0.0571900000015 9428.09999998 
835.0 554.0 0.0891017960019 9108.98203998 
896.0 566.0 0.0919823780002 9080.17622 
63.0 599.0 0.0714779860008 9285.22013999 
153.0 600.0 0.0714779860008 9285.22013999 
247.0 625.0 0.0132030799999 9867.9692 
303.0 627.0 0.0164200000004 9835.8 
417.0 623.0 0.0298176680001 9701.82332 
471.0 616.0 0.00827600000022 9917.24 
567.0 671.0 0.106996000003 8930.03999997 
641.0 611.0 0.0416776240007 9583.22375999 
702.0 609.0 0.0165060000004 9834.94 
781.0 616.0 0.0455345480001 9544.65452 
843.0 648.0 0.0655518304015 9344.48169598 
932.0 624.0 0.0637271200014 9362.72879999 
79.0 674.0 0.0687834328012 9312.16567199 
166.0 731.0 0.0621710048017 9378.28995198 
220.0 721.0 0.00831400000022 9916.86 
315.0 706.0 0.0189218699996 9810.7813 
413.0 678.0 0.0164160000004 9835.84 
477.0 712.0 0.0418653664005 9581.346336 
573.0 717.0 0.251757078403 7482.42921597 
644.0 724.0 0.396646780007 6033.53219993 
689.0 708.0 0.211397251604 7886.02748396 
771.0 731.0 0.0410000000011 9589.99999999 
830.0 703.0 0.0934598080016 9065.40191998 
933.0 695.0 0.0488022080006 9511.97791999 
87.0 750.0 0.0342823040003 9657.17696 
174.0 800.0 0.188287107603 8117.12892397 
232.0 805.0 0.177430824003 8225.69175997 
311.0 807.0 0.0571760000015 9428.23999998 
418.0 780.0 0.0243500000006 9756.49999999 
484.0 793.0 0.0393793200001 9606.2068 
569.0 818.0 0.134313148002 8656.86851998 
636.0 789.0 0.208396240804 7916.03759196 
698.0 787.0 0.174918630401 8250.81369599 
752.0 786.0 0.0138603807999 9861.396192 
859.0 767.0 0.0978328464004 9021.671536 
916.0 768.0 0.0678691000007 9321.30899999 
80.0 829.0 0.0327738020005 9672.26197999 
150.0 846.0 0.0901214592021 9098.78540798 
209.0 845.0 0.105679300001 8943.20699999 
319.0 887.0 0.00818800000022 9918.12 
411.0 848.0 0.0237324076002 9762.675924 
481.0 853.0 0.0385445192007 9614.55480799 
558.0 887.0 0.0983501832004 9016.498168 
637.0 884.0 0.0433320000006 9566.67999999 
716.0 855.0 0.131010630401 8689.89369599 
780.0 883.0 0.0982694880014 9017.30511999 
871.0 894.0 0.0166800000004 9833.2 
935.0 822.0 0.0300109148003 9699.890852 
78.0 922.0 0.0300109148003 9699.890852 
154.0 910.0 0.0502037800006 9497.96219999 
230.0 903.0 0.0614159100008 9385.84089999 
321.0 955.0 0.0240748127998 9759.251872 
393.0 956.0 0.0224112960006 9775.88703999 
451.0 942.0 0.0164240000004 9835.76 
522.0 947.0 0.0408011872007 9591.98812799 
625.0 960.0 0.00821200000022 9917.88 
703.0 940.0 0.0161860000004 9838.14 
777.0 946.0 0.0418590176003 9581.409824 
857.0 955.0 0.0319806540002 9680.19346 
943.0 912.0 0.0175903919998 9824.09608 
488.0 769.0 0.0301528440005 9698.47156 
793.0 944.0 0.0707970360012 9292.02963999 
776.0 434.0 0.0540641148012 9459.35885199 
697.0 945.0 0.0251077416002 9748.922584 
766.0 960.0 0.0313988856002 9686.011144 
900.0 238.0 0.0286853920005 9713.14608 
