500.0 500.0
47.0 42.0 0.0313492564006 9686.50743599 
109.0 27.0 0.0453489096004 9546.510904 
187.0 40.0 0.0165160000004 9834.84 
258.0 24.0 0.0299882856002 9700.117144 
310.0 49.0 0.0568557024012 9431.44297599 
401.0 41.0 0.0585736768008 9414.26323199 
453.0 48.0 0.0418954320009 9581.04567999 
539.0 44.0 0.0418954320009 9581.04567999 
601.0 42.0 0.0569795008011 9430.20499199 
666.0 41.0 0.0428153500003 9571.8465 
738.0 29.0 0.0225028960002 9774.97104 
805.0 26.0 0.0816961356014 9183.03864399 
867.0 53.0 0.097875561602 9021.24438398 
958.0 47.0 0.0326265216004 9673.734784 
20.0 94.0 0.0326265216004 9673.734784 
117.0 95.0 0.0165160000004 9834.84 
168.0 90.0 0.0340713636008 9659.28636399 
238.0 121.0 0.0628593540004 9371.40646 
330.0 93.0 0.0967468000021 9032.53199998 
391.0 91.0 0.0678072432014 9321.92756799 
447.0 101.0 0.140339003203 8596.60996797 
525.0 103.0 0.0670005632014 9329.99436799 
616.0 110.0 0.0832960564004 9167.039436 
695.0 113.0 0.078121000001 9218.78999999 
746.0 90.0 0.0571440000015 9428.55999998 
812.0 96.0 0.132945654401 8670.54345599 
876.0 103.0 0.118321340002 8816.78659998 
944.0 117.0 0.0728404640018 9271.59535998 
25.0 181.0 0.0333221120005 9666.77887999 
99.0 190.0 0.0708067000011 9291.93299999 
170.0 166.0 0.00813800000021 9918.62 
260.0 182.0 0.0984734000007 9015.26599999 
334.0 161.0 0.128346284001 8716.53715999 
397.0 185.0 0.1119595828 8880.404172 
466.0 170.0 0.130019087601 8699.80912399 
551.0 177.0 0.0640146400009 9359.85359999 
597.0 170.0 0.0410520000011 9589.47999999 
671.0 190.0 0.015571936 9844.28064 
733.0 188.0 0.0334840800003 9665.1592 
838.0 177.0 0.0753289360009 9246.71063999 
896.0 184.0 0.059954789201 9400.45210799 
973.0 191.0 0.0585100520008 9414.89947999 
50.0 263.0 0.0456749360006 9543.25063999 
104.0 255.0 0.130951778002 8690.48221998 
175.0 257.0 0.155318448402 8446.81551598 
263.0 253.0 0.144973891201 8550.26108799 
331.0 265.0 0.0451817120011 9548.18287999 
377.0 242.0 0.0573000000015 9426.99999998 
467.0 246.0 0.0494800000013 9505.19999999 
543.0 239.0 0.0848376744005 9151.62325599 
591.0 233.0 0.0846148160021 9153.85183998 
677.0 256.0 0.0243000000006 9756.99999999 
741.0 264.0 0.135408320003 8645.91679997 
836.0 267.0 0.130422252002 8695.77747998 
883.0 259.0 0.195604330003 8043.95669997 
966.0 257.0 0.0415680516007 9584.31948399 
48.0 330.0 0.00816600000021 9918.34 
108.0 325.0 0.0326420000009 9673.57999999 
191.0 318.0 0.218680468002 7813.19531998 
235.0 336.0 0.0573940000015 9426.05999998 
313.0 311.0 0.164541869203 8354.58130797 
406.0 336.0 0.050627304001 9493.72695999 
467.0 338.0 0.0474742400012 9525.25759999 
536.0 304.0 0.0325780000009 9674.21999999 
616.0 337.0 0.0599771776015 9400.22822398 
667.0 335.0 0.0641187576013 9358.81242399 
759.0 333.0 0.255117035605 7448.82964395 
825.0 336.0 0.347687084003 6523.12915997 
889.0 336.0 0.273654947206 7263.45052794 
967.0 333.0 0.117499124402 8825.00875598 
43.0 408.0 0.0477180012011 9522.81998799 
106.0 398.0 0.0678767300004 9321.2327 
162.0 399.0 0.0861446120006 9138.55387999 
234.0 379.0 0.309019953204 6909.80046796 
329.0 380.0 0.193200645602 8067.99354398 
394.0 398.0 0.234942722404 7650.57277596 
450.0 399.0 0.221691960404 7783.08039596 
545.0 392.0 0.0326460000009 9673.53999999 
618.0 379.0 0.0929695416015 9070.30458399 
672.0 392.0 0.0620610620012 9379.38937999 
748.0 383.0 0.106022000003 8939.77999997 
803.0 410.0 0.0221814032002 9778.185968 
893.0 387.0 0.0652160000017 9347.83999998 
982.0 400.0 0.0308751312008 9691.24868799 
53.0 479.0 0.0635877960014 9364.12203999 
89.0 468.0 0.0706571232012 9293.42876799 
171.0 447.0 0.221650600005 7783.49399995 
249.0 451.0 0.464705309208 5352.94690792 
319.0 468.0 0.443003994004 5569.96005996 
408.0 453.0 0.292059972003 7079.40027997 
480.0 462.0 0.226019284802 7739.80715198 
524.0 459.0 0.0363569100011 9636.43089999 
601.0 450.0 0.0363569100011 9636.43089999 
686.0 464.0 0.0822320000022 9177.67999998 
737.0 456.0 0.179295818002 8207.04181998 
807.0 463.0 0.0984026864018 9015.97313598 
893.0 479.0 0.0247020000006 9752.97999999 
963.0 459.0 0.00826800000022 9917.32 
41.0 544.0 0.0632066704011 9367.93329599 
94.0 522.0 0.0913968640022 9086.03135998 
165.0 529.0 0.0330480000009 9669.51999999 
238.0 522.0 0.131706513603 8682.93486397 
326.0 522.0 0.361082320001 6389.17679999 
388.0 536.0 0.131540000003 8684.59999997 
481.0 552.0 0.441813566004 5581.86433996 
542.0 523.0 0.0603745408011 9396.25459199 
609.0 539.0 0.187905152004 8120.94847996 
671.0 548.0 0.0309993200007 9690.00679999 
760.0 521.0 0.235584869604 7644.15130396 
803.0 550.0 0.102900804002 8970.99195998 
910.0 518.0 0.0502441239997 9497.55876 
973.0 543.0 0.0650100800011 9349.89919999 
35.0 607.0 0.0335196148005 9664.803852 
107.0 592.0 0.0412340000011 9587.65999999 
184.0 623.0 0.0412340000011 9587.65999999 
266.0 616.0 0.0502208479997 9497.79152 
305.0 599.0 0.0247040000006 9752.95999999 
386.0 611.0 0.0722821512004 9277.178488 
453.0 618.0 0.263094944005 7369.05055995 
534.0 592.0 0.542498084806 4575.01915194 
594.0 617.0 0.490066960005 5099.33039995 
670.0 616.0 0.425855426805 5741.44573195 
760.0 589.0 0.169278483201 8307.21516799 
816.0 607.0 0.129230696002 8707.69303998 
877.0 613.0 0.0715419772016 9284.58022798 
980.0 602.0 0.0310259360005 9689.74063999 
37.0 683.0 0.0401811760005 9598.18824 
101.0 665.0 0.0426714159999 9573.28584 
174.0 675.0 0.0328020000009 9671.97999999 
254.0 684.0 0.0491986016007 9508.01398399 
304.0 680.0 0.0504389440012 9495.61055999 
385.0 675.0 0.0396410468009 9603.58953199 
453.0 668.0 0.0532770000014 9467.22999999 
537.0 675.0 0.0164960000004 9835.04 
608.0 694.0 0.168053600003 8319.46399997 
693.0 677.0 0.347684500006 6523.15499994 
747.0 686.0 0.242999429606 7570.00570394 
834.0 667.0 0.0781726704019 9218.27329598 
891.0 668.0 0.0379402000005 9620.598 
971.0 687.0 0.0379402000005 9620.598 
59.0 763.0 0.0340717120003 9659.28288 
121.0 761.0 0.048818371201 9511.81628799 
190.0 742.0 0.0397816179999 9602.18382 
237.0 739.0 0.0397816179999 9602.18382 
313.0 765.0 0.068711633601 9312.88366399 
390.0 765.0 0.0678457688005 9321.54231199 
462.0 750.0 0.0247160000006 9752.83999999 
545.0 764.0 0.0652840000017 9347.15999998 
606.0 758.0 0.0721092400019 9278.90759998 
689.0 734.0 0.286239766004 7137.60233996 
766.0 745.0 0.284683980004 7153.16019996 
808.0 747.0 0.192718364805 8072.81635195 
890.0 752.0 0.0495320000013 9504.67999999 
957.0 740.0 0.0159098628002 9840.901372 
26.0 836.0 0.00815200000021 9918.48 
123.0 807.0 0.114947812002 8850.52187998 
194.0 825.0 0.1789462244 8210.537756 
260.0 826.0 0.0731060000019 9268.93999998 
321.0 810.0 0.036097754801 9639.02245199 
389.0 839.0 0.0246440000006 9753.55999999 
455.0 838.0 0.0246440000006 9753.55999999 
541.0 826.0 0.0599738639998 9400.26136 
591.0 824.0 0.1279973904 8720.026096 
669.0 817.0 0.0327700000009 9672.29999999 
747.0 822.0 0.0972963860012 9027.03613999 
830.0 808.0 0.189413384001 8105.86615999 
909.0 817.0 0.175602845601 8243.97154399 
946.0 815.0 0.0517614088014 9482.38591199 
42.0 886.0 0.0342206416005 9657.793584 
119.0 886.0 0.083151291601 9168.48708399 
192.0 896.0 0.179649092002 8203.50907998 
255.0 882.0 0.0129923120003 9870.07688 
338.0 880.0 0.0316048192004 9683.951808 
395.0 903.0 0.0233784400004 9766.2156 
450.0 904.0 0.0164420000004 9835.58 
525.0 894.0 0.0652332000009 9347.66799999 
612.0 892.0 0.130715020002 8692.84979998 
665.0 903.0 0.0750915360021 9249.08463998 
759.0 887.0 0.0950016144006 9049.98385599 
822.0 894.0 0.0621036456015 9378.96354398 
910.0 876.0 0.0996081160022 9003.91883998 
963.0 903.0 0.0610080200012 9389.91979999 
30.0 950.0 0.0610080200012 9389.91979999 
113.0 966.0 0.0321351328004 9678.648672 
183.0 968.0 0.0902363740012 9097.63625999 
250.0 963.0 0.0465278880008 9534.72111999 
308.0 953.0 0.0424190496009 9575.80950399 
378.0 975.0 0.0164720000004 9835.28 
480.0 947.0 0.0207069816001 9792.930184 
539.0 964.0 0.0489447872009 9510.55212799 
618.0 955.0 0.0798831140016 9201.16885998 
675.0 961.0 0.0386214944006 9613.78505599 
765.0 978.0 0.0386214944006 9613.78505599 
830.0 956.0 0.0308375344001 9691.624656 
882.0 951.0 0.0308375344001 9691.624656 
966.0 970.0 0.0320799088002 9679.200912 
847.0 195.0 0.133125760002 8668.74239998 
192.0 391.0 0.159239331204 8407.60668796 
885.0 270.0 0.134670644003 8653.29355997 
442.0 199.0 0.0951058248021 9048.94175198 
