500.0 500.0
82.0	98.0	10783.7557	0.0081
57.0	122.0	10782.7154	0.0086
92.0	110.0	10786.4919	0.0068
86.0	105.0	10784.4018	0.0078
52.0	139.0	10786.3373	0.0068
107.0	82.0	10781.3505	0.0093
110.0	146.0	10755.0912	0.0225
142.0	134.0	10784.8886	0.0076
204.0	112.0	10330.8544	0.2346
138.0	102.0	10784.3409	0.0078
169.0	132.0	10644.8234	0.0776
108.0	37.0	10783.3312	0.0083
111.0	92.0	10783.1011	0.0084
106.0	24.0	10783.6756	0.0082
145.0	136.0	10693.9227	0.0530
69.0	88.0	10783.0318	0.0085
69.0	66.0	10782.6547	0.0087
135.0	109.0	10724.2180	0.0379
144.0	101.0	10728.6118	0.0357
159.0	69.0	10754.2578	0.0229
145.0	280.0	10682.8550	0.0586
56.0	270.0	10781.2134	0.0094
31.0	229.0	10781.8295	0.0091
97.0	378.0	10785.6779	0.0072
115.0	243.0	10789.1547	0.0054
88.0	285.0	10759.7254	0.0201
66.0	240.0	10787.7490	0.0061
114.0	362.0	10791.3760	0.0043
44.0	317.0	10783.6605	0.0082
109.0	329.0	10460.3366	0.1698
99.0	241.0	10786.4917	0.0068
103.0	264.0	10721.2684	0.0394
39.0	312.0	10783.7384	0.0081
49.0	267.0	10788.0174	0.0060
124.0	357.0	10692.6071	0.0537
65.0	280.0	10785.8078	0.0071
149.0	263.0	10782.3828	0.0088
143.0	270.0	10784.4652	0.0078
139.0	239.0	10789.2528	0.0054
118.0	384.0	10197.8815	0.3011
70.0	524.0	10785.2248	0.0074
76.0	510.0	10783.0643	0.0085
92.0	508.0	10785.0922	0.0075
53.0	587.0	10786.9347	0.0065
88.0	431.0	10787.1588	0.0064
94.0	505.0	10781.5035	0.0092
134.0	556.0	10708.8695	0.0456
95.0	494.0	10751.8943	0.0241
45.0	496.0	10783.8972	0.0081
106.0	509.0	10089.2391	0.3554
114.0	477.0	10730.8538	0.0346
40.0	476.0	10782.9120	0.0085
110.0	511.0	10719.9260	0.0400
71.0	438.0	10096.4188	0.3518
42.0	449.0	10781.3983	0.0093
87.0	493.0	10780.9931	0.0095
132.0	549.0	10787.7325	0.0061
34.0	460.0	10784.4734	0.0078
175.0	536.0	9656.1592	0.5719
161.0	465.0	10553.6942	0.1232
126.0	648.0	10470.7069	0.1646
43.0	729.0	10784.0795	0.0080
109.0	731.0	10784.2312	0.0079
81.0	632.0	10761.1808	0.0194
41.0	649.0	10781.2622	0.0094
160.0	749.0	10783.2617	0.0084
51.0	701.0	10786.7957	0.0066
106.0	692.0	10759.4574	0.0203
108.0	679.0	10679.5995	0.0602
82.0	814.0	10783.5578	0.0082
42.0	646.0	10783.9351	0.0080
100.0	624.0	10788.7964	0.0056
105.0	606.0	10703.9558	0.0480
70.0	742.0	10721.2219	0.0394
11.0	651.0	10784.0749	0.0080
196.0	682.0	10058.1090	0.3709
160.0	683.0	10561.8912	0.1191
51.0	622.0	10746.9500	0.0265
4.0	681.0	10782.3829	0.0088
124.0	722.0	10787.8055	0.0061
168.0	884.0	10418.9072	0.1905
90.0	930.0	10782.9530	0.0085
61.0	812.0	10785.0285	0.0075
190.0	913.0	10788.6404	0.0057
50.0	940.0	10783.3101	0.0083
31.0	823.0	10784.2863	0.0079
89.0	876.0	10678.0393	0.0610
64.0	963.0	10782.2285	0.0089
42.0	850.0	10782.6195	0.0087
132.0	922.0	10730.4584	0.0348
108.0	982.0	10782.3581	0.0088
114.0	847.0	10785.8125	0.0071
162.0	924.0	10712.4825	0.0438
95.0	853.0	10748.1520	0.0259
154.0	877.0	10725.4427	0.0373
115.0	821.0	10754.2329	0.0229
51.0	923.0	10785.1168	0.0074
85.0	963.0	10785.4560	0.0073
92.0	903.0	10782.0026	0.0090
43.0	920.0	10785.5892	0.0072
238.0	89.0	10753.8087	0.0231
326.0	138.0	10784.2495	0.0079
292.0	65.0	10783.2628	0.0084
321.0	40.0	10786.1642	0.0069
365.0	85.0	10705.8405	0.0471
408.0	112.0	10634.9438	0.0825
355.0	55.0	10782.4841	0.0088
217.0	29.0	10784.9196	0.0075
226.0	122.0	10787.9178	0.0060
357.0	206.0	10331.1460	0.2344
252.0	152.0	10727.8966	0.0361
244.0	120.0	10612.9792	0.0935
340.0	169.0	10784.8670	0.0076
252.0	60.0	10782.5674	0.0087
338.0	58.0	10789.9514	0.0050
243.0	175.0	10245.0746	0.2775
288.0	45.0	10786.9813	0.0065
319.0	84.0	10712.1734	0.0439
309.0	156.0	10390.7952	0.2046
404.0	21.0	10782.1718	0.0089
289.0	248.0	10785.1089	0.0074
347.0	260.0	10258.5661	0.2707
359.0	231.0	10756.0905	0.0220
293.0	237.0	10293.4403	0.2533
357.0	311.0	10097.9949	0.3510
247.0	297.0	10781.9775	0.0090
350.0	313.0	10783.7376	0.0081
225.0	296.0	10782.0450	0.0090
251.0	346.0	10782.5007	0.0087
293.0	329.0	10717.9060	0.0410
358.0	356.0	10590.8725	0.1046
351.0	257.0	10787.3086	0.0063
293.0	231.0	10786.1639	0.0069
298.0	262.0	10782.0665	0.0090
257.0	288.0	10782.3417	0.0088
222.0	309.0	10782.8350	0.0086
317.0	332.0	10682.7968	0.0586
288.0	318.0	10750.5650	0.0247
330.0	372.0	10657.3415	0.0713
376.0	286.0	10717.1487	0.0414
295.0	562.0	9390.0735	0.7050
349.0	517.0	10725.0755	0.0375
324.0	498.0	10784.3790	0.0078
289.0	466.0	10790.5736	0.0047
248.0	628.0	10005.9903	0.3970
282.0	479.0	10789.5572	0.0052
295.0	436.0	10653.6707	0.0732
315.0	469.0	10789.3840	0.0053
346.0	536.0	10788.1038	0.0059
336.0	488.0	10784.4209	0.0078
273.0	508.0	10786.8288	0.0066
326.0	630.0	8307.2926	1.2464
302.0	516.0	10783.2867	0.0084
347.0	539.0	10789.1990	0.0054
226.0	565.0	9540.0805	0.6300
379.0	492.0	10790.1603	0.0049
368.0	379.0	9404.8019	0.6976
332.0	580.0	10619.3852	0.0903
307.0	629.0	10791.1205	0.0044
366.0	480.0	10789.0276	0.0055
346.0	703.0	9730.1350	0.5349
292.0	707.0	10759.5993	0.0202
311.0	692.0	10757.1512	0.0214
304.0	699.0	10783.7309	0.0081
280.0	687.0	10783.3331	0.0083
238.0	769.0	10782.1400	0.0089
376.0	692.0	10732.3245	0.0338
299.0	757.0	9821.2205	0.4894
378.0	747.0	10548.1654	0.1259
391.0	638.0	6138.2564	1.0012
271.0	645.0	10787.2290	0.0064
332.0	745.0	10785.1876	0.0074
272.0	780.0	10783.0911	0.0085
315.0	790.0	10545.9136	0.1270
343.0	686.0	10629.1609	0.0854
166.0	695.0	10790.4353	0.0048
246.0	707.0	10785.9384	0.0070
303.0	718.0	10783.1403	0.0084
299.0	750.0	10782.1723	0.0089
276.0	707.0	10750.0299	0.0250
171.0	952.0	10784.6643	0.0077
337.0	829.0	10789.1002	0.0054
217.0	867.0	10120.8528	0.3396
303.0	854.0	10752.0371	0.0240
276.0	922.0	10782.0272	0.0090
264.0	900.0	10782.9348	0.0085
287.0	909.0	10784.0832	0.0080
314.0	878.0	10783.9968	0.0080
257.0	953.0	10783.9574	0.0080
218.0	887.0	10782.8785	0.0086
299.0	896.0	10782.7075	0.0086
298.0	906.0	10786.1560	0.0069
361.0	893.0	10783.6685	0.0082
311.0	844.0	10730.5168	0.0347
381.0	887.0	10785.2284	0.0074
296.0	860.0	10783.2540	0.0084
103.0	918.0	10783.2658	0.0084
265.0	827.0	9809.0179	0.4955
302.0	891.0	10753.8031	0.0231
193.0	938.0	10783.0553	0.0085
452.0	206.0	10782.1426	0.0089
449.0	36.0	10780.7883	0.0096
544.0	93.0	10783.3776	0.0083
508.0	14.0	10786.2940	0.0069
496.0	128.0	10719.4271	0.0403
486.0	138.0	10684.1900	0.0579
490.0	57.0	10784.8039	0.0076
543.0	33.0	10783.2528	0.0084
517.0	111.0	10787.1252	0.0064
466.0	139.0	10589.9514	0.1050
531.0	78.0	10753.4600	0.0233
453.0	84.0	10752.4661	0.0238
512.0	118.0	10747.8941	0.0261
475.0	111.0	10762.2686	0.0189
510.0	103.0	10760.4842	0.0198
545.0	50.0	10783.6305	0.0082
500.0	98.0	10787.2280	0.0064
485.0	149.0	10534.3583	0.1328
534.0	67.0	10784.8338	0.0076
536.0	194.0	10638.1665	0.0809
555.0	275.0	10785.5981	0.0072
559.0	459.0	6250.1052	1.2846
493.0	366.0	9530.3529	0.6348
507.0	269.0	10782.0220	0.0090
474.0	339.0	9331.8710	0.7341
535.0	305.0	10783.2659	0.0084
538.0	257.0	10306.9892	0.2465
482.0	487.0	10791.4309	0.0043
469.0	334.0	10789.2024	0.0054
527.0	328.0	9886.8592	0.4566
413.0	246.0	10377.9772	0.2110
520.0	252.0	10783.8058	0.0081
437.0	279.0	9556.7563	0.6216
451.0	268.0	10783.0034	0.0085
452.0	272.0	10784.7214	0.0076
528.0	309.0	10784.9174	0.0075
523.0	287.0	10783.9937	0.0080
587.0	318.0	10391.3428	0.2043
486.0	298.0	10785.4518	0.0073
460.0	212.0	10148.6792	0.3257
530.0	485.0	10790.9105	0.0045
531.0	442.0	10785.1546	0.0074
522.0	439.0	9618.3680	0.5908
476.0	503.0	10790.8853	0.0046
431.0	412.0	9291.7783	0.7541
492.0	497.0	10769.1311	0.0154
529.0	475.0	10789.8872	0.0051
503.0	410.0	9329.0234	0.7355
479.0	548.0	6141.1892	1.1567
452.0	433.0	10783.9988	0.0080
455.0	456.0	10785.4473	0.0073
454.0	461.0	10786.3535	0.0068
514.0	483.0	9664.1947	0.5679
527.0	463.0	10789.5801	0.0052
533.0	489.0	10790.3124	0.0048
533.0	476.0	10789.5226	0.0052
474.0	478.0	9629.8781	0.5851
464.0	491.0	10790.2304	0.0049
478.0	536.0	10788.3655	0.0058
511.0	514.0	10792.2584	0.0039
525.0	701.0	10495.1249	0.1524
477.0	775.0	10343.2110	0.2284
501.0	712.0	10264.1304	0.2679
482.0	735.0	10783.1627	0.0084
488.0	680.0	10712.7713	0.0436
455.0	698.0	10782.7057	0.0086
513.0	633.0	9916.0618	0.4420
470.0	677.0	10757.5114	0.0212
466.0	624.0	6038.1580	1.2237
540.0	733.0	10749.0117	0.0255
526.0	613.0	8612.8283	1.0936
496.0	740.0	10783.8350	0.0081
537.0	562.0	6366.7634	1.2633
479.0	723.0	10785.8364	0.0071
447.0	540.0	10784.6069	0.0077
382.0	746.0	10787.3597	0.0063
555.0	758.0	10535.4952	0.1323
506.0	723.0	10782.2318	0.0089
451.0	669.0	10704.3250	0.0478
408.0	698.0	10480.7891	0.1596
542.0	968.0	10783.4921	0.0083
487.0	856.0	10786.0038	0.0070
443.0	912.0	10756.3532	0.0218
474.0	829.0	10758.8981	0.0206
511.0	851.0	10789.2728	0.0054
532.0	842.0	10791.3152	0.0043
486.0	863.0	10785.5982	0.0072
433.0	820.0	10785.4115	0.0073
518.0	937.0	10781.7056	0.0091
498.0	839.0	10723.3472	0.0383
506.0	906.0	10753.5325	0.0232
438.0	917.0	10783.1707	0.0084
454.0	823.0	10787.9372	0.0060
538.0	868.0	10789.0029	0.0055
543.0	863.0	10761.3868	0.0193
462.0	853.0	10607.7685	0.0961
428.0	923.0	10748.2374	0.0259
533.0	822.0	10560.6852	0.1197
460.0	831.0	10785.7786	0.0071
488.0	896.0	10784.9689	0.0075
659.0	118.0	10788.0066	0.0060
628.0	94.0	10790.5123	0.0047
692.0	80.0	10747.6106	0.0262
629.0	109.0	10791.4885	0.0043
744.0	98.0	10747.7974	0.0261
608.0	121.0	10544.5952	0.1277
750.0	126.0	10460.8191	0.1696
665.0	107.0	10786.9609	0.0065
703.0	35.0	10785.7274	0.0071
697.0	103.0	10786.1796	0.0069
670.0	82.0	10747.8078	0.0261
686.0	127.0	10746.5411	0.0267
758.0	97.0	10781.4676	0.0093
685.0	206.0	10710.6604	0.0447
628.0	123.0	10715.1184	0.0424
656.0	64.0	10783.6640	0.0082
646.0	197.0	10688.5946	0.0557
699.0	164.0	10683.3840	0.0583
746.0	24.0	10781.3884	0.0093
574.0	193.0	10523.5293	0.1382
757.0	301.0	9948.1377	0.4259
629.0	207.0	10782.6082	0.0087
700.0	226.0	10783.2156	0.0084
628.0	281.0	10611.3472	0.0943
725.0	254.0	10747.8179	0.0261
756.0	351.0	10783.2021	0.0084
691.0	255.0	10369.8267	0.2151
695.0	285.0	10680.2585	0.0599
717.0	330.0	9389.8765	0.7051
681.0	293.0	10753.6328	0.0232
620.0	260.0	10657.7391	0.0711
741.0	196.0	10409.1035	0.1954
615.0	314.0	10790.6040	0.0047
740.0	191.0	10785.0322	0.0075
678.0	358.0	10574.5069	0.1127
682.0	238.0	10656.7863	0.0716
743.0	294.0	10789.1237	0.0054
761.0	276.0	10783.8821	0.0081
743.0	399.0	10782.8133	0.0086
772.0	309.0	10786.9962	0.0065
658.0	513.0	10759.2066	0.0204
625.0	419.0	9029.5944	0.8852
676.0	437.0	10488.7335	0.1556
653.0	450.0	10763.7981	0.0181
729.0	463.0	10781.5686	0.0092
641.0	486.0	10743.8563	0.0281
640.0	558.0	10752.8665	0.0236
692.0	376.0	9030.3483	0.8848
740.0	458.0	10751.1353	0.0244
759.0	442.0	10785.3858	0.0073
631.0	473.0	9147.7930	0.8261
618.0	619.0	10791.6900	0.0042
661.0	494.0	10789.7529	0.0051
695.0	504.0	9922.8603	0.4386
751.0	476.0	10727.7798	0.0361
814.0	549.0	10106.6689	0.3467
696.0	437.0	10782.9139	0.0085
757.0	516.0	10089.5551	0.3552
699.0	457.0	10750.9150	0.0245
708.0	543.0	10786.4928	0.0068
648.0	699.0	10791.2550	0.0044
738.0	639.0	10190.2805	0.3049
718.0	672.0	10255.9223	0.2720
745.0	717.0	10781.8755	0.0091
745.0	700.0	10276.4512	0.2618
670.0	733.0	10062.0355	0.3690
783.0	712.0	10282.0602	0.2590
598.0	762.0	10784.5356	0.0077
688.0	723.0	10784.8253	0.0076
708.0	684.0	10782.5413	0.0087
605.0	611.0	8315.6185	1.2422
677.0	610.0	9583.9824	0.6080
747.0	734.0	10785.7569	0.0071
684.0	723.0	10783.9361	0.0080
814.0	812.0	10319.4255	0.2403
696.0	694.0	10755.0068	0.0225
710.0	695.0	10779.8688	0.0101
632.0	685.0	9683.0641	0.5585
690.0	591.0	10786.6355	0.0067
694.0	776.0	10143.2338	0.3284
662.0	911.0	10659.1580	0.0704
662.0	991.0	10782.3072	0.0088
661.0	868.0	10756.7109	0.0216
682.0	817.0	10356.3175	0.2218
769.0	876.0	10713.7197	0.0431
623.0	868.0	10782.6234	0.0087
736.0	921.0	10783.4512	0.0083
713.0	868.0	10663.6951	0.0682
711.0	862.0	10787.9493	0.0060
777.0	930.0	10787.1682	0.0064
694.0	926.0	10783.8921	0.0081
713.0	945.0	10782.5136	0.0087
693.0	857.0	10682.8582	0.0586
711.0	877.0	10785.1965	0.0074
674.0	845.0	10620.3938	0.0898
635.0	952.0	10788.4700	0.0058
670.0	985.0	10783.0938	0.0085
791.0	883.0	10710.5631	0.0447
681.0	861.0	10789.4280	0.0053
649.0	963.0	10786.6159	0.0067
881.0	87.0	10782.3256	0.0088
812.0	132.0	10694.2176	0.0529
906.0	138.0	10757.0253	0.0215
966.0	144.0	10787.0460	0.0065
876.0	83.0	10783.3054	0.0083
909.0	118.0	10784.1057	0.0079
903.0	211.0	10784.0489	0.0080
838.0	230.0	10525.9993	0.1370
882.0	96.0	10782.3103	0.0088
881.0	109.0	10783.5772	0.0082
855.0	65.0	10781.3150	0.0093
844.0	150.0	10764.7976	0.0176
904.0	133.0	10786.1576	0.0069
888.0	82.0	10785.1535	0.0074
829.0	109.0	10760.7393	0.0196
877.0	118.0	10782.6651	0.0087
902.0	120.0	10785.2486	0.0074
809.0	150.0	10632.8354	0.0836
779.0	43.0	10785.2740	0.0074
848.0	158.0	10592.0337	0.1040
921.0	264.0	10753.8960	0.0231
851.0	279.0	10713.7384	0.0431
888.0	273.0	10753.1078	0.0234
930.0	243.0	10780.0128	0.0100
945.0	297.0	10782.5645	0.0087
875.0	316.0	10788.2566	0.0059
829.0	303.0	9845.1104	0.4774
899.0	240.0	10784.9975	0.0075
885.0	424.0	10785.5578	0.0072
862.0	284.0	10760.4158	0.0198
862.0	366.0	10656.6174	0.0717
907.0	338.0	10787.2245	0.0064
883.0	345.0	10690.2544	0.0549
976.0	210.0	10783.5885	0.0082
937.0	321.0	10782.5258	0.0087
951.0	275.0	10785.4996	0.0073
873.0	381.0	10791.6389	0.0042
950.0	324.0	10783.7545	0.0081
865.0	345.0	10757.4844	0.0213
938.0	403.0	10782.2332	0.0089
926.0	522.0	10783.8818	0.0081
902.0	575.0	10790.7409	0.0046
908.0	488.0	10791.5540	0.0042
873.0	568.0	10155.4858	0.3223
914.0	469.0	10789.8631	0.0051
899.0	507.0	10478.0267	0.1610
957.0	457.0	10782.9652	0.0085
805.0	525.0	10753.3449	0.0233
958.0	485.0	10785.1540	0.0074
961.0	522.0	10786.0337	0.0070
926.0	460.0	10786.2514	0.0069
902.0	487.0	10791.4971	0.0043
821.0	570.0	10789.1367	0.0054
961.0	495.0	10786.5540	0.0067
913.0	478.0	10790.8962	0.0046
939.0	557.0	10784.6094	0.0077
858.0	432.0	10786.0170	0.0070
940.0	485.0	10787.9628	0.0060
809.0	497.0	10780.5498	0.0097
924.0	511.0	10783.2042	0.0084
864.0	679.0	10789.4424	0.0053
852.0	744.0	10716.7622	0.0416
960.0	666.0	10783.2563	0.0084
900.0	638.0	10783.5038	0.0082
836.0	658.0	10549.9136	0.1250
971.0	639.0	10780.7596	0.0096
833.0	738.0	10698.0557	0.0510
898.0	616.0	10672.5971	0.0637
899.0	734.0	10751.6600	0.0242
893.0	751.0	10786.2151	0.0069
931.0	657.0	10787.7234	0.0061
877.0	662.0	10763.7182	0.0181
875.0	679.0	10790.1975	0.0049
877.0	676.0	10788.2876	0.0059
881.0	702.0	10785.7699	0.0071
886.0	679.0	10786.4050	0.0068
925.0	723.0	10782.1649	0.0089
936.0	716.0	10782.5854	0.0087
928.0	670.0	10786.6702	0.0067
925.0	769.0	10782.9118	0.0085
898.0	887.0	10785.6245	0.0072
879.0	919.0	10783.5690	0.0082
857.0	924.0	10747.0481	0.0265
924.0	924.0	10788.2573	0.0059
901.0	878.0	10605.3508	0.0973
957.0	903.0	10785.2815	0.0074
969.0	858.0	10751.3221	0.0243
896.0	812.0	10781.1419	0.0094
986.0	861.0	10791.4384	0.0043
844.0	855.0	10474.0422	0.1630
804.0	746.0	10256.9664	0.2715
870.0	845.0	10785.8673	0.0071
869.0	948.0	10784.4613	0.0078
840.0	895.0	10782.8159	0.0086
882.0	984.0	10785.2400	0.0074
944.0	902.0	10788.7140	0.0056
891.0	891.0	10755.7776	0.0221
926.0	957.0	10782.6895	0.0087
846.0	885.0	10747.3558	0.0263
945.0	919.0	10785.9026	0.0070
