500.0 500.0
91.0	140.0	10791.4730	0.0043
108.0	93.0	10752.0494	0.0240
96.0	161.0	10597.8775	0.1011
60.0	61.0	10783.8600	0.0081
52.0	106.0	10783.8233	0.0081
69.0	31.0	10782.9599	0.0085
117.0	100.0	10754.3683	0.0228
106.0	76.0	10748.6845	0.0257
195.0	151.0	10783.7654	0.0081
24.0	82.0	10787.2654	0.0064
81.0	74.0	10784.1916	0.0079
90.0	55.0	10784.2792	0.0079
23.0	65.0	10784.6478	0.0077
52.0	23.0	10782.1965	0.0089
67.0	111.0	10697.3370	0.0513
155.0	79.0	10765.4820	0.0173
78.0	77.0	10785.1686	0.0074
6.0	130.0	10786.2317	0.0069
113.0	245.0	10788.0820	0.0060
93.0	143.0	10714.4718	0.0428
95.0	372.0	10783.5535	0.0082
110.0	274.0	10756.9026	0.0215
111.0	331.0	10754.3923	0.0228
70.0	253.0	10784.1755	0.0079
135.0	285.0	10759.0819	0.0205
123.0	246.0	10476.3809	0.1618
150.0	278.0	10780.7636	0.0096
76.0	273.0	10782.9700	0.0085
95.0	347.0	10781.3880	0.0093
98.0	271.0	10783.0440	0.0085
40.0	286.0	10784.2912	0.0079
191.0	301.0	10722.2488	0.0389
158.0	214.0	10786.9990	0.0065
90.0	311.0	10787.6243	0.0062
146.0	304.0	10728.1594	0.0359
116.0	442.0	10711.5128	0.0442
185.0	385.0	10789.7008	0.0051
169.0	361.0	10664.5023	0.0677
43.0	347.0	10784.1920	0.0079
55.0	213.0	10451.2483	0.1744
62.0	462.0	10784.0145	0.0080
79.0	541.0	10786.4256	0.0068
50.0	438.0	10784.5924	0.0077
79.0	468.0	10784.6797	0.0077
137.0	480.0	10737.5199	0.0312
165.0	505.0	10253.9955	0.2730
91.0	490.0	10784.1197	0.0079
89.0	544.0	10781.9630	0.0090
64.0	472.0	10782.2903	0.0089
71.0	412.0	10786.6226	0.0067
291.0	447.0	10789.0985	0.0055
73.0	465.0	10784.0502	0.0080
111.0	454.0	10783.1728	0.0084
95.0	537.0	10782.8275	0.0086
83.0	558.0	10782.4820	0.0088
65.0	592.0	10782.2338	0.0089
143.0	487.0	10715.1074	0.0424
91.0	444.0	10784.9827	0.0075
76.0	540.0	10784.9721	0.0075
133.0	563.0	10720.9441	0.0395
174.0	632.0	10695.3642	0.0523
97.0	617.0	10782.8228	0.0086
2.0	686.0	10790.1981	0.0049
83.0	717.0	10782.3450	0.0088
82.0	774.0	10781.4077	0.0093
128.0	773.0	10789.1282	0.0054
105.0	598.0	10783.4935	0.0083
221.0	654.0	10632.7630	0.0836
138.0	606.0	10678.3755	0.0608
155.0	694.0	10612.4792	0.0938
146.0	732.0	10076.5549	0.3617
124.0	701.0	10720.9418	0.0395
195.0	659.0	10785.7323	0.0071
188.0	711.0	9780.5523	0.5097
107.0	700.0	10731.9412	0.0340
33.0	672.0	10747.2823	0.0264
63.0	738.0	10750.8266	0.0246
111.0	650.0	10785.2427	0.0074
81.0	716.0	10781.9379	0.0090
119.0	725.0	10784.4671	0.0078
120.0	912.0	10784.8747	0.0076
147.0	850.0	10580.0720	0.1100
202.0	881.0	10786.5210	0.0067
100.0	949.0	10787.3488	0.0063
52.0	899.0	10785.5738	0.0072
29.0	906.0	10787.4350	0.0063
51.0	909.0	10784.8158	0.0076
116.0	890.0	10604.2295	0.0979
99.0	927.0	10789.6402	0.0052
116.0	901.0	10750.5636	0.0247
89.0	931.0	10788.4108	0.0058
54.0	950.0	10782.8176	0.0086
76.0	878.0	10716.5134	0.0417
56.0	811.0	10783.1046	0.0084
113.0	901.0	10781.9686	0.0090
29.0	928.0	10784.7375	0.0076
149.0	791.0	10111.8435	0.3441
98.0	931.0	10788.5398	0.0057
141.0	829.0	10529.7132	0.1351
213.0	888.0	10782.8064	0.0086
269.0	162.0	10761.5500	0.0192
326.0	112.0	10722.0633	0.0390
297.0	91.0	10788.2251	0.0059
285.0	138.0	10788.4694	0.0058
317.0	176.0	9855.0488	0.4725
278.0	48.0	10781.2128	0.0094
330.0	126.0	10787.8523	0.0061
308.0	87.0	10787.6485	0.0062
310.0	115.0	10786.9152	0.0065
291.0	93.0	10780.2620	0.0099
219.0	135.0	10479.3484	0.1603
318.0	34.0	10781.0038	0.0095
358.0	157.0	10788.4591	0.0058
325.0	133.0	10733.4315	0.0333
230.0	165.0	10787.2641	0.0064
314.0	87.0	10781.6991	0.0092
286.0	172.0	10452.6131	0.1737
305.0	137.0	10788.7228	0.0056
316.0	109.0	10786.0687	0.0070
178.0	96.0	10551.0957	0.1245
169.0	269.0	10267.6156	0.2662
257.0	327.0	9857.3396	0.4713
343.0	330.0	10731.2508	0.0344
303.0	265.0	10783.3728	0.0083
230.0	288.0	10293.4160	0.2533
308.0	307.0	10789.0585	0.0055
194.0	341.0	10660.1070	0.0699
216.0	295.0	10787.0864	0.0065
310.0	397.0	10785.0051	0.0075
337.0	411.0	10790.0882	0.0050
394.0	319.0	8636.9384	1.0815
337.0	312.0	9931.2151	0.4344
447.0	365.0	10785.4134	0.0073
328.0	267.0	10786.7748	0.0066
269.0	263.0	10786.0406	0.0070
294.0	252.0	9860.3266	0.4698
383.0	267.0	10749.1177	0.0254
222.0	391.0	10597.7972	0.1011
218.0	198.0	10783.1080	0.0084
321.0	288.0	9756.2896	0.5219
380.0	557.0	9013.9576	0.8930
231.0	540.0	10215.8360	0.2921
275.0	473.0	10784.7547	0.0076
280.0	482.0	10217.1150	0.2914
272.0	434.0	10565.2780	0.1174
316.0	458.0	10784.0055	0.0080
338.0	446.0	9690.7005	0.5546
314.0	481.0	10666.4607	0.0668
276.0	479.0	10783.4318	0.0083
257.0	448.0	10784.4989	0.0078
254.0	532.0	10782.4368	0.0088
215.0	605.0	10651.3298	0.0743
299.0	491.0	10783.1713	0.0084
399.0	529.0	10785.6175	0.0072
266.0	519.0	10786.2481	0.0069
321.0	562.0	8835.8263	0.9821
257.0	517.0	10785.5680	0.0072
350.0	572.0	10783.2330	0.0084
265.0	554.0	8897.4792	0.9513
358.0	415.0	10789.5171	0.0052
300.0	703.0	10784.3532	0.0078
289.0	722.0	10787.5172	0.0062
326.0	723.0	10783.6490	0.0082
301.0	687.0	10788.3949	0.0058
356.0	713.0	10784.4989	0.0078
393.0	791.0	10785.0478	0.0075
233.0	652.0	10791.2637	0.0044
306.0	737.0	10782.5694	0.0087
262.0	723.0	10786.2298	0.0069
238.0	700.0	10783.0361	0.0085
335.0	672.0	10785.5324	0.0072
299.0	639.0	10635.2284	0.0824
292.0	640.0	10787.5039	0.0062
308.0	685.0	10787.1318	0.0064
240.0	625.0	8840.2717	0.9799
284.0	664.0	10671.6477	0.0642
307.0	691.0	10788.4412	0.0058
313.0	703.0	10785.7647	0.0071
251.0	675.0	9888.1677	0.4559
412.0	668.0	10790.0154	0.0050
283.0	903.0	10783.8237	0.0081
316.0	866.0	10786.7040	0.0066
294.0	882.0	10750.8689	0.0246
226.0	798.0	10684.1021	0.0579
301.0	888.0	10783.4420	0.0083
201.0	902.0	10782.4558	0.0088
254.0	853.0	10785.6942	0.0072
200.0	862.0	10784.3648	0.0078
280.0	834.0	10786.4031	0.0068
339.0	843.0	10756.8669	0.0216
364.0	966.0	10784.0697	0.0080
304.0	916.0	10785.3512	0.0073
368.0	895.0	10476.0702	0.1620
351.0	834.0	10744.8496	0.0276
349.0	898.0	10786.6433	0.0067
329.0	964.0	10781.5878	0.0092
369.0	886.0	10789.4736	0.0053
339.0	858.0	10749.8554	0.0251
275.0	943.0	10786.1227	0.0069
285.0	899.0	10782.3610	0.0088
400.0	173.0	10752.9322	0.0235
484.0	104.0	10748.5286	0.0257
519.0	21.0	10782.4736	0.0088
482.0	142.0	10765.1322	0.0174
476.0	116.0	10756.0282	0.0220
554.0	67.0	10782.1499	0.0089
517.0	91.0	10784.0242	0.0080
496.0	71.0	10784.3988	0.0078
421.0	122.0	10751.3382	0.0243
482.0	151.0	10790.3804	0.0048
450.0	132.0	10655.5933	0.0722
533.0	152.0	10789.3971	0.0053
545.0	157.0	10752.6375	0.0237
483.0	49.0	10785.9982	0.0070
384.0	124.0	10753.2769	0.0234
514.0	98.0	10754.2214	0.0229
420.0	52.0	10783.8416	0.0081
480.0	156.0	10663.5124	0.0682
558.0	95.0	10786.5526	0.0067
499.0	179.0	10145.5960	0.3272
507.0	337.0	10782.1137	0.0089
443.0	397.0	10783.1111	0.0084
525.0	354.0	9800.7750	0.4996
615.0	245.0	10787.0920	0.0065
451.0	370.0	8830.2175	0.9849
519.0	339.0	10782.6674	0.0087
457.0	271.0	10782.5501	0.0087
459.0	298.0	10784.0131	0.0080
538.0	410.0	10676.2189	0.0619
542.0	340.0	10718.2933	0.0409
436.0	320.0	10715.6114	0.0422
479.0	328.0	10164.6517	0.3177
586.0	417.0	9221.2351	0.7894
485.0	342.0	10752.2435	0.0239
490.0	333.0	10783.0055	0.0085
540.0	258.0	10071.7920	0.3641
520.0	277.0	10782.6489	0.0087
505.0	313.0	10127.7641	0.3361
513.0	256.0	10107.5763	0.3462
571.0	323.0	10726.7042	0.0366
366.0	515.0	9700.1053	0.5499
585.0	526.0	10786.4600	0.0068
494.0	543.0	10788.4607	0.0058
525.0	466.0	9521.1624	0.6394
549.0	479.0	10648.0420	0.0760
513.0	425.0	10782.2978	0.0089
466.0	388.0	10020.2130	0.3899
493.0	448.0	10026.7825	0.3866
463.0	539.0	10759.4276	0.0203
566.0	509.0	6138.2564	1.0012
503.0	514.0	10791.5471	0.0042
508.0	484.0	8870.7115	0.9646
477.0	506.0	7976.7833	1.4116
524.0	470.0	10711.6061	0.0442
493.0	411.0	8373.2093	1.2134
539.0	445.0	10784.9937	0.0075
404.0	525.0	6250.1052	1.2846
606.0	495.0	10699.7008	0.0501
404.0	532.0	10781.1154	0.0094
524.0	431.0	9798.6048	0.5007
509.0	690.0	10789.0327	0.0055
565.0	739.0	10784.8935	0.0076
570.0	676.0	10784.5087	0.0077
554.0	738.0	10785.1537	0.0074
460.0	721.0	10781.1730	0.0094
505.0	660.0	10591.8458	0.1041
400.0	661.0	10734.2009	0.0329
555.0	674.0	10593.3880	0.1033
499.0	709.0	10785.1535	0.0074
497.0	699.0	10787.0436	0.0065
494.0	818.0	10791.6770	0.0042
507.0	734.0	10781.7249	0.0091
415.0	695.0	10787.8477	0.0061
542.0	647.0	10787.0330	0.0065
445.0	649.0	10638.9598	0.0805
446.0	676.0	10786.1606	0.0069
525.0	735.0	10784.8373	0.0076
522.0	727.0	10782.2253	0.0089
526.0	650.0	10373.9515	0.2130
543.0	738.0	10785.9552	0.0070
590.0	979.0	10784.5014	0.0077
560.0	869.0	9782.8868	0.5086
467.0	824.0	10789.5865	0.0052
505.0	820.0	10455.2198	0.1724
495.0	874.0	10413.8650	0.1931
519.0	901.0	10730.0337	0.0350
496.0	933.0	10783.5003	0.0082
465.0	938.0	10783.7265	0.0081
624.0	839.0	9846.2161	0.4769
519.0	967.0	10785.3672	0.0073
461.0	841.0	10593.1029	0.1034
523.0	881.0	10788.6674	0.0057
408.0	889.0	10589.0081	0.1055
484.0	927.0	10782.7443	0.0086
622.0	851.0	10673.8232	0.0631
529.0	904.0	10788.5024	0.0057
453.0	943.0	10781.2294	0.0094
442.0	923.0	10460.3806	0.1698
553.0	889.0	10714.0782	0.0430
564.0	917.0	10760.4424	0.0198
751.0	75.0	10766.9229	0.0165
604.0	83.0	10785.5649	0.0072
691.0	16.0	10786.2415	0.0069
728.0	87.0	10685.1853	0.0574
662.0	59.0	10746.7928	0.0266
695.0	47.0	10785.0363	0.0075
763.0	185.0	10399.4830	0.2003
645.0	160.0	10784.2450	0.0079
714.0	68.0	10747.7099	0.0261
671.0	137.0	10545.1237	0.1274
650.0	95.0	10749.5442	0.0252
742.0	5.0	10784.4342	0.0078
740.0	63.0	10781.4408	0.0093
674.0	134.0	10729.9482	0.0350
683.0	173.0	10789.1249	0.0054
614.0	148.0	10755.7736	0.0221
650.0	62.0	10713.9622	0.0430
763.0	78.0	10789.7338	0.0051
641.0	169.0	10293.0818	0.2535
717.0	49.0	10784.1222	0.0079
606.0	298.0	10747.8889	0.0261
705.0	326.0	10787.0304	0.0065
777.0	322.0	10782.9464	0.0085
662.0	394.0	9241.8231	0.7791
817.0	351.0	10593.4177	0.1033
635.0	305.0	10753.1163	0.0234
774.0	345.0	10142.7636	0.3286
699.0	283.0	10784.9019	0.0075
729.0	374.0	10750.2472	0.0249
701.0	385.0	10790.2819	0.0049
637.0	338.0	10785.5062	0.0072
739.0	279.0	10179.3340	0.3103
685.0	333.0	10197.6590	0.3012
593.0	210.0	10070.8118	0.3646
679.0	342.0	10786.9235	0.0065
749.0	217.0	10267.4409	0.2663
714.0	320.0	10535.1425	0.1324
667.0	363.0	10410.5404	0.1947
692.0	316.0	10787.6850	0.0062
739.0	187.0	10790.7840	0.0046
573.0	504.0	10781.7514	0.0091
727.0	588.0	9371.4075	0.7143
602.0	552.0	6141.1892	1.1567
684.0	494.0	10748.4784	0.0258
678.0	569.0	10781.3665	0.0093
687.0	495.0	10787.4583	0.0063
676.0	526.0	10783.2306	0.0084
570.0	429.0	10725.4000	0.0373
700.0	366.0	10233.9582	0.2830
697.0	468.0	10784.6389	0.0077
636.0	432.0	10343.7193	0.2281
692.0	386.0	10783.7198	0.0081
617.0	397.0	10756.9392	0.0215
684.0	515.0	10787.3622	0.0063
577.0	480.0	10298.5344	0.2507
673.0	557.0	9087.6766	0.8562
637.0	494.0	10650.0588	0.0750
687.0	486.0	10787.9279	0.0060
731.0	445.0	10784.2780	0.0079
642.0	507.0	10782.6658	0.0087
729.0	696.0	10786.2056	0.0069
603.0	630.0	10434.9624	0.1825
696.0	779.0	10749.7706	0.0251
581.0	609.0	7985.1936	1.4074
717.0	757.0	10786.9260	0.0065
693.0	648.0	10758.9456	0.0205
695.0	613.0	10666.0497	0.0670
693.0	673.0	10580.9855	0.1095
644.0	642.0	10655.0551	0.0725
730.0	681.0	10782.4246	0.0088
736.0	652.0	10727.9967	0.0360
670.0	602.0	10484.1628	0.1579
711.0	802.0	10686.9457	0.0565
681.0	738.0	10628.0537	0.0860
622.0	670.0	8673.5180	1.0632
642.0	802.0	8652.5941	1.0737
673.0	729.0	8637.1093	1.0814
778.0	631.0	10166.4456	0.3168
573.0	725.0	10787.6687	0.0062
677.0	711.0	10681.4528	0.0593
819.0	814.0	10782.7859	0.0086
780.0	870.0	10714.7386	0.0426
781.0	923.0	10786.9054	0.0065
731.0	924.0	10750.2916	0.0249
686.0	950.0	10785.2299	0.0074
721.0	865.0	10785.7798	0.0071
688.0	860.0	10720.2566	0.0399
736.0	886.0	10614.4379	0.0928
688.0	889.0	10783.4544	0.0083
765.0	933.0	10781.6994	0.0092
720.0	867.0	10753.0985	0.0235
676.0	891.0	10783.3472	0.0083
666.0	869.0	10783.1311	0.0084
681.0	838.0	10610.0006	0.0950
738.0	839.0	10782.8787	0.0086
707.0	967.0	10788.4467	0.0058
644.0	898.0	10756.3005	0.0218
702.0	809.0	10783.2288	0.0084
704.0	846.0	10482.5938	0.1587
772.0	870.0	10650.7136	0.0746
966.0	119.0	10784.1200	0.0079
823.0	151.0	10373.4724	0.2133
992.0	79.0	10781.6418	0.0092
982.0	130.0	10786.2645	0.0069
911.0	70.0	10783.1720	0.0084
804.0	47.0	10786.7668	0.0066
837.0	81.0	10655.2289	0.0724
890.0	28.0	10784.3278	0.0078
865.0	150.0	10628.9038	0.0855
821.0	148.0	10784.4661	0.0078
898.0	24.0	10788.4310	0.0058
900.0	104.0	10787.3550	0.0063
956.0	189.0	10725.3715	0.0373
959.0	156.0	10787.4119	0.0063
860.0	48.0	10761.6541	0.0192
896.0	116.0	10788.4135	0.0058
909.0	141.0	10788.9412	0.0055
904.0	130.0	10788.7603	0.0056
865.0	139.0	10789.0025	0.0055
917.0	94.0	10748.1318	0.0259
902.0	276.0	10782.2097	0.0089
902.0	255.0	10784.3709	0.0078
910.0	300.0	10787.8671	0.0061
833.0	264.0	10616.5268	0.0917
964.0	277.0	10783.6155	0.0082
828.0	305.0	10509.0162	0.1455
928.0	293.0	10784.4130	0.0078
883.0	234.0	10785.7200	0.0071
922.0	310.0	10785.5773	0.0072
779.0	277.0	10781.9715	0.0090
903.0	390.0	10791.0194	0.0045
863.0	290.0	10678.6691	0.0607
959.0	209.0	10746.5792	0.0267
887.0	286.0	10786.7370	0.0066
901.0	291.0	10782.9074	0.0085
807.0	293.0	10785.7905	0.0071
761.0	266.0	10583.6390	0.1082
952.0	255.0	10687.2541	0.0564
911.0	273.0	10712.4822	0.0438
894.0	301.0	10632.9608	0.0835
860.0	575.0	10716.4155	0.0418
962.0	550.0	10785.1147	0.0074
848.0	476.0	10716.4553	0.0418
910.0	592.0	10749.2914	0.0254
863.0	461.0	10787.8385	0.0061
969.0	576.0	10786.0208	0.0070
884.0	516.0	10787.9813	0.0060
812.0	481.0	10681.3538	0.0593
884.0	383.0	10715.2258	0.0424
863.0	425.0	10783.4650	0.0083
877.0	527.0	10762.7214	0.0186
943.0	514.0	10785.0267	0.0075
962.0	466.0	10787.7880	0.0061
900.0	525.0	10758.0854	0.0210
847.0	552.0	10200.0379	0.3000
927.0	409.0	10787.7794	0.0061
904.0	528.0	10786.8331	0.0066
862.0	451.0	10785.8880	0.0071
913.0	438.0	10750.7685	0.0246
881.0	506.0	10787.1949	0.0064
804.0	618.0	10781.7171	0.0091
882.0	699.0	10384.6967	0.2077
848.0	739.0	10763.8348	0.0181
948.0	634.0	10745.8855	0.0271
935.0	749.0	10782.9695	0.0085
976.0	708.0	10780.0473	0.0100
877.0	779.0	10788.5409	0.0057
876.0	769.0	10461.8212	0.1691
814.0	712.0	10725.5467	0.0372
942.0	658.0	10782.0839	0.0090
929.0	733.0	10786.7833	0.0066
798.0	608.0	9966.8791	0.4166
851.0	656.0	10147.7428	0.3261
946.0	660.0	10785.7278	0.0071
933.0	733.0	10786.0939	0.0070
890.0	640.0	10749.0170	0.0255
873.0	616.0	10713.5288	0.0432
800.0	627.0	10785.1463	0.0074
883.0	604.0	10756.5240	0.0217
910.0	655.0	10786.7681	0.0066
904.0	862.0	10735.7693	0.0321
880.0	826.0	10638.9687	0.0805
791.0	925.0	10686.6782	0.0567
965.0	861.0	10756.3483	0.0218
969.0	948.0	10782.5084	0.0087
910.0	974.0	10785.1001	0.0074
822.0	908.0	10724.0606	0.0380
880.0	882.0	10756.4983	0.0218
994.0	816.0	10787.2885	0.0064
776.0	870.0	10783.5157	0.0082
927.0	975.0	10781.3702	0.0093
918.0	935.0	10783.6811	0.0082
885.0	834.0	10692.5699	0.0537
906.0	904.0	10719.3714	0.0403
876.0	942.0	10785.4848	0.0073
975.0	928.0	10784.2878	0.0079
867.0	952.0	10785.3040	0.0073
955.0	897.0	10782.2494	0.0089
860.0	937.0	10717.1897	0.0414
852.0	899.0	10749.7528	0.0251
