500.0 500.0
113.0	155.0	10727.5966	0.0362
127.0	90.0	10756.8705	0.0216
99.0	116.0	10788.3004	0.0058
100.0	176.0	10785.9431	0.0070
84.0	106.0	10785.1989	0.0074
150.0	96.0	10783.0438	0.0085
65.0	137.0	10782.5549	0.0087
91.0	137.0	10783.9361	0.0080
121.0	56.0	10785.9960	0.0070
120.0	147.0	10783.9550	0.0080
178.0	76.0	10790.7113	0.0046
123.0	133.0	10790.6647	0.0047
185.0	65.0	10788.5859	0.0057
66.0	153.0	10781.3615	0.0093
88.0	86.0	10783.3409	0.0083
117.0	161.0	9896.1113	0.4519
87.0	207.0	9508.6058	0.6457
186.0	77.0	10790.8661	0.0046
91.0	28.0	10786.1285	0.0069
61.0	101.0	10782.7531	0.0086
171.0	355.0	10784.0998	0.0080
138.0	292.0	10781.9340	0.0090
162.0	308.0	10755.7778	0.0221
74.0	268.0	10782.5451	0.0087
78.0	231.0	10718.0618	0.0410
41.0	346.0	10790.3542	0.0048
141.0	388.0	10781.8308	0.0091
145.0	258.0	9512.9331	0.6435
54.0	326.0	10789.7575	0.0051
66.0	335.0	10680.1633	0.0599
118.0	269.0	10786.7733	0.0066
66.0	353.0	10717.0626	0.0415
103.0	275.0	10751.9793	0.0240
117.0	396.0	10438.1896	0.1809
66.0	347.0	10720.3504	0.0398
25.0	271.0	10783.6190	0.0082
34.0	261.0	10783.9891	0.0080
41.0	273.0	10782.1052	0.0089
167.0	299.0	10786.8528	0.0066
137.0	272.0	10681.3284	0.0593
63.0	525.0	10783.3604	0.0083
122.0	471.0	10651.8740	0.0741
195.0	463.0	10461.5386	0.1692
66.0	472.0	10781.7588	0.0091
87.0	526.0	10687.4928	0.0563
35.0	434.0	10785.4334	0.0073
5.0	519.0	10785.2639	0.0074
44.0	512.0	10788.6998	0.0057
196.0	591.0	10783.4627	0.0083
139.0	529.0	10781.2413	0.0094
140.0	500.0	10662.8383	0.0686
42.0	472.0	10784.7306	0.0076
92.0	412.0	10752.6629	0.0237
67.0	588.0	10785.4684	0.0073
197.0	587.0	9816.0479	0.4920
8.0	540.0	10784.0990	0.0080
167.0	456.0	10336.8262	0.2316
147.0	567.0	10673.7372	0.0631
47.0	488.0	10781.3152	0.0093
74.0	532.0	10719.2864	0.0404
74.0	722.0	10785.2591	0.0074
104.0	728.0	10789.3278	0.0053
4.0	650.0	10787.7910	0.0061
121.0	683.0	10714.2432	0.0429
88.0	720.0	10786.5745	0.0067
35.0	638.0	10782.4360	0.0088
108.0	723.0	10790.2975	0.0049
92.0	716.0	10788.2683	0.0059
65.0	719.0	10783.3196	0.0083
137.0	699.0	10181.0301	0.3095
113.0	684.0	10791.1825	0.0044
44.0	622.0	10779.8400	0.0101
54.0	663.0	10751.0903	0.0245
88.0	821.0	10758.7857	0.0206
112.0	708.0	10791.1443	0.0044
83.0	633.0	10781.1936	0.0094
169.0	741.0	10617.3790	0.0913
133.0	694.0	10751.0113	0.0245
90.0	724.0	10787.0896	0.0065
109.0	667.0	10733.1736	0.0334
93.0	861.0	10747.1969	0.0264
69.0	829.0	10781.8572	0.0091
99.0	886.0	10784.5050	0.0077
162.0	947.0	10786.0413	0.0070
116.0	852.0	10785.5297	0.0072
141.0	893.0	10759.2371	0.0204
103.0	960.0	10782.6821	0.0087
118.0	848.0	10786.3975	0.0068
87.0	895.0	10786.6806	0.0067
85.0	925.0	10782.4968	0.0088
74.0	868.0	10786.5465	0.0067
183.0	935.0	10789.3269	0.0053
170.0	869.0	10760.4600	0.0198
57.0	928.0	10782.4420	0.0088
135.0	790.0	10639.1835	0.0804
172.0	849.0	10631.7732	0.0841
101.0	881.0	10780.9682	0.0095
139.0	872.0	10747.4902	0.0263
133.0	857.0	10717.5328	0.0412
11.0	808.0	10782.3320	0.0088
334.0	99.0	10786.2415	0.0069
382.0	122.0	10790.1762	0.0049
305.0	47.0	10714.5725	0.0427
287.0	40.0	10785.7875	0.0071
227.0	60.0	10783.0562	0.0085
278.0	40.0	10786.4172	0.0068
250.0	68.0	10787.8824	0.0061
229.0	69.0	10623.8825	0.0881
273.0	111.0	10565.0617	0.1175
225.0	113.0	10454.5578	0.1727
343.0	131.0	10722.2940	0.0389
314.0	49.0	10782.0654	0.0090
318.0	76.0	10786.4370	0.0068
321.0	139.0	10785.9916	0.0070
225.0	57.0	10783.6527	0.0082
350.0	65.0	10788.0652	0.0060
241.0	74.0	10788.2080	0.0059
339.0	115.0	10784.1426	0.0079
166.0	102.0	9977.2283	0.4114
330.0	46.0	10791.1784	0.0044
286.0	304.0	9250.6193	0.7747
339.0	321.0	10734.8142	0.0326
223.0	290.0	10693.5607	0.0532
308.0	289.0	10785.1315	0.0074
327.0	311.0	10787.1851	0.0064
317.0	269.0	10786.7354	0.0066
310.0	292.0	10746.1665	0.0269
248.0	332.0	10786.9456	0.0065
298.0	349.0	10648.6739	0.0757
264.0	309.0	10782.5517	0.0087
257.0	253.0	10783.1769	0.0084
272.0	284.0	10784.1980	0.0079
312.0	305.0	10754.5116	0.0227
352.0	226.0	10781.6742	0.0092
350.0	360.0	10525.3362	0.1373
339.0	263.0	10786.2496	0.0069
214.0	283.0	9298.9100	0.7505
240.0	333.0	10757.9304	0.0210
326.0	355.0	9130.0711	0.8350
284.0	360.0	10784.3200	0.0078
301.0	482.0	10343.4223	0.2283
327.0	536.0	8544.3802	1.1278
274.0	374.0	10785.4747	0.0073
325.0	519.0	6138.2564	1.0012
223.0	456.0	10781.9958	0.0090
307.0	559.0	10789.6971	0.0052
267.0	469.0	10416.0650	0.1920
325.0	449.0	8420.0020	1.1900
264.0	466.0	10784.9713	0.0075
318.0	422.0	9019.5489	0.8902
392.0	540.0	6250.1052	1.2846
320.0	661.0	10758.1415	0.0209
297.0	479.0	10759.2137	0.0204
242.0	495.0	10786.4714	0.0068
257.0	471.0	10784.1102	0.0079
410.0	520.0	10784.0604	0.0080
278.0	513.0	10789.0456	0.0055
264.0	496.0	10784.6820	0.0077
243.0	464.0	10354.5926	0.2227
299.0	439.0	10790.4812	0.0048
356.0	680.0	10790.4420	0.0048
328.0	670.0	10785.5932	0.0072
366.0	740.0	10781.9381	0.0090
359.0	698.0	10789.6653	0.0052
330.0	733.0	10135.4542	0.3323
264.0	582.0	9663.3358	0.5683
358.0	720.0	10787.3642	0.0063
289.0	641.0	10790.1861	0.0049
331.0	683.0	10791.8208	0.0041
337.0	666.0	9775.8724	0.5121
249.0	681.0	10783.8373	0.0081
188.0	651.0	10016.2095	0.3919
363.0	712.0	10787.7198	0.0061
292.0	719.0	10782.4168	0.0088
275.0	678.0	10784.3456	0.0078
284.0	794.0	10123.3882	0.3383
284.0	698.0	10786.8565	0.0066
297.0	609.0	9504.1320	0.6479
295.0	721.0	10784.1810	0.0079
339.0	684.0	10791.7523	0.0041
395.0	930.0	10784.0466	0.0080
311.0	909.0	10694.8804	0.0526
372.0	890.0	10767.5659	0.0162
214.0	903.0	10722.0980	0.0390
286.0	924.0	10781.0429	0.0095
311.0	920.0	10784.3886	0.0078
291.0	930.0	10782.5696	0.0087
354.0	888.0	10661.8032	0.0691
204.0	829.0	10543.1664	0.1284
217.0	804.0	10195.8090	0.3021
279.0	973.0	10783.9699	0.0080
285.0	953.0	10788.3080	0.0058
289.0	877.0	10785.3081	0.0073
227.0	856.0	10787.3887	0.0063
300.0	877.0	10783.8493	0.0081
280.0	879.0	10782.7710	0.0086
287.0	931.0	10781.7231	0.0091
239.0	876.0	10782.9312	0.0085
376.0	905.0	10375.2316	0.2124
276.0	947.0	10787.7603	0.0061
484.0	35.0	10783.0106	0.0085
497.0	58.0	10783.3230	0.0083
471.0	64.0	10784.7680	0.0076
555.0	35.0	10725.5980	0.0372
479.0	89.0	10786.2624	0.0069
481.0	19.0	10783.0005	0.0085
536.0	111.0	10787.8440	0.0061
412.0	105.0	10784.0940	0.0080
505.0	75.0	10786.9648	0.0065
591.0	117.0	10344.2546	0.2279
490.0	123.0	10789.3085	0.0053
497.0	126.0	10690.5922	0.0547
551.0	102.0	10788.2883	0.0059
482.0	179.0	10790.1644	0.0049
530.0	119.0	10630.7425	0.0846
456.0	88.0	10787.5850	0.0062
470.0	111.0	10785.8604	0.0071
567.0	145.0	10688.9701	0.0555
448.0	89.0	10786.9152	0.0065
617.0	39.0	10710.2797	0.0449
536.0	336.0	10791.2010	0.0044
488.0	274.0	10751.1930	0.0244
478.0	270.0	10786.8514	0.0066
452.0	356.0	10783.7234	0.0081
522.0	276.0	10785.7435	0.0071
573.0	337.0	10786.1850	0.0069
522.0	349.0	10736.2002	0.0319
487.0	321.0	10785.6542	0.0072
551.0	331.0	10242.3400	0.2788
556.0	254.0	10782.1669	0.0089
508.0	298.0	10786.5054	0.0067
518.0	283.0	10699.8198	0.0501
470.0	307.0	10783.9423	0.0080
498.0	209.0	10782.5114	0.0087
558.0	289.0	10722.3323	0.0388
535.0	268.0	10785.3138	0.0073
452.0	205.0	10782.4857	0.0088
498.0	217.0	10754.5301	0.0227
536.0	329.0	10792.1356	0.0039
490.0	326.0	10755.5381	0.0222
527.0	507.0	10767.8216	0.0161
481.0	497.0	10743.0662	0.0285
524.0	467.0	10788.8295	0.0056
467.0	535.0	6141.1892	1.1567
501.0	532.0	10790.7215	0.0046
435.0	553.0	10783.1867	0.0084
531.0	538.0	10788.4186	0.0058
570.0	479.0	6038.1580	1.2237
478.0	453.0	10787.7220	0.0061
595.0	515.0	10785.5068	0.0072
525.0	537.0	10788.6417	0.0057
618.0	478.0	6366.7634	1.2633
520.0	448.0	10786.2556	0.0069
504.0	494.0	10769.1025	0.0154
581.0	514.0	10782.3268	0.0088
490.0	475.0	10791.0003	0.0045
518.0	438.0	10786.6147	0.0067
479.0	516.0	10791.2722	0.0044
498.0	531.0	10789.7641	0.0051
491.0	526.0	10791.6178	0.0042
474.0	639.0	10612.9676	0.0935
542.0	679.0	10634.7334	0.0826
462.0	768.0	10785.3808	0.0073
418.0	729.0	10789.0134	0.0055
456.0	759.0	10786.1031	0.0069
473.0	667.0	10790.5589	0.0047
468.0	721.0	10784.3557	0.0078
524.0	574.0	8302.5112	1.2487
524.0	682.0	9188.6463	0.8057
563.0	745.0	10783.5097	0.0082
524.0	744.0	10782.8830	0.0086
558.0	739.0	10782.5076	0.0087
514.0	740.0	10784.5004	0.0077
513.0	725.0	10786.3476	0.0068
524.0	759.0	9162.9690	0.8185
514.0	721.0	10728.9396	0.0355
548.0	620.0	8731.8547	1.0341
511.0	796.0	10748.8906	0.0256
532.0	670.0	10587.2758	0.1064
452.0	705.0	10685.9226	0.0570
489.0	898.0	10753.2716	0.0234
551.0	925.0	10730.2516	0.0349
482.0	900.0	10288.5435	0.2557
528.0	934.0	10787.4233	0.0063
425.0	952.0	10311.2384	0.2444
508.0	943.0	10785.8416	0.0071
586.0	831.0	10347.7253	0.2261
509.0	831.0	9237.3581	0.7813
476.0	997.0	10786.3925	0.0068
515.0	944.0	10786.3604	0.0068
486.0	958.0	10785.2009	0.0074
546.0	893.0	10782.2294	0.0089
467.0	967.0	10784.2227	0.0079
526.0	884.0	10609.1552	0.0954
568.0	996.0	10748.7457	0.0256
465.0	941.0	10667.8936	0.0661
395.0	937.0	10783.2618	0.0084
471.0	861.0	10782.2470	0.0089
492.0	890.0	10604.7790	0.0976
403.0	947.0	10786.2182	0.0069
716.0	154.0	10206.8493	0.2966
684.0	72.0	10787.5386	0.0062
648.0	71.0	10654.1142	0.0729
647.0	48.0	10785.0618	0.0075
735.0	102.0	10785.6073	0.0072
741.0	145.0	10765.2851	0.0174
728.0	165.0	10137.0350	0.3315
824.0	11.0	10782.8045	0.0086
764.0	113.0	10784.5200	0.0077
693.0	91.0	10784.9552	0.0075
738.0	73.0	10783.1204	0.0084
712.0	115.0	10622.0645	0.0890
668.0	110.0	10352.0355	0.2240
684.0	98.0	10784.1715	0.0079
750.0	147.0	10790.6840	0.0047
694.0	51.0	10784.5432	0.0077
726.0	47.0	10782.7312	0.0086
713.0	119.0	10705.4363	0.0473
696.0	97.0	10750.6012	0.0247
714.0	36.0	10781.5132	0.0092
654.0	228.0	10785.0877	0.0075
840.0	263.0	10782.3625	0.0088
770.0	337.0	9243.1681	0.7784
705.0	273.0	10789.8121	0.0051
780.0	308.0	9995.2814	0.4024
716.0	302.0	10784.2044	0.0079
653.0	242.0	10782.9575	0.0085
713.0	287.0	10082.9053	0.3585
636.0	268.0	10781.8908	0.0091
623.0	303.0	10166.0284	0.3170
678.0	280.0	10788.5809	0.0057
688.0	226.0	10224.2105	0.2879
644.0	246.0	10788.2048	0.0059
805.0	255.0	10786.2694	0.0069
719.0	276.0	10781.4772	0.0093
750.0	241.0	10129.6845	0.3352
721.0	114.0	10788.0660	0.0060
669.0	339.0	10187.0601	0.3065
660.0	291.0	10729.7262	0.0351
707.0	314.0	9910.4968	0.4448
750.0	529.0	10781.8220	0.0091
642.0	494.0	10619.8736	0.0901
702.0	514.0	10785.7800	0.0071
760.0	612.0	10787.0331	0.0065
717.0	519.0	10781.0550	0.0095
678.0	518.0	6431.0526	1.1369
742.0	530.0	6388.3525	1.0629
643.0	494.0	10783.7468	0.0081
735.0	474.0	10785.2899	0.0074
719.0	542.0	10782.7114	0.0086
723.0	533.0	10785.0908	0.0075
677.0	599.0	10739.9551	0.0300
671.0	486.0	10644.2932	0.0779
715.0	532.0	10785.0461	0.0075
720.0	500.0	10782.5194	0.0087
690.0	515.0	10787.9178	0.0060
692.0	510.0	10787.4043	0.0063
738.0	492.0	10784.7981	0.0076
815.0	544.0	6462.6415	1.1507
639.0	469.0	10784.1435	0.0079
673.0	710.0	10750.2254	0.0249
677.0	613.0	10788.5945	0.0057
690.0	662.0	10784.2461	0.0079
690.0	651.0	10781.5564	0.0092
670.0	574.0	9433.4016	0.6833
673.0	618.0	10540.8832	0.1296
716.0	785.0	9920.0462	0.4400
738.0	754.0	10781.2495	0.0094
610.0	722.0	10791.7505	0.0041
688.0	721.0	9865.7247	0.4671
772.0	682.0	10661.3884	0.0693
726.0	693.0	10785.0889	0.0075
818.0	693.0	10762.5969	0.0187
602.0	710.0	10657.5510	0.0712
669.0	666.0	10785.3648	0.0073
689.0	682.0	10784.4009	0.0078
707.0	678.0	10623.4429	0.0883
682.0	648.0	9786.4046	0.5068
626.0	761.0	10787.2766	0.0064
731.0	663.0	10752.5172	0.0237
762.0	841.0	10782.9407	0.0085
732.0	903.0	10787.4521	0.0063
753.0	939.0	10782.8696	0.0086
671.0	913.0	10718.6734	0.0407
703.0	880.0	10753.2967	0.0234
690.0	877.0	10695.8667	0.0521
700.0	901.0	10787.8057	0.0061
643.0	843.0	10435.3277	0.1823
663.0	957.0	10785.9899	0.0070
670.0	893.0	10730.2579	0.0349
652.0	932.0	10783.8648	0.0081
674.0	973.0	10786.2256	0.0069
775.0	929.0	10693.3389	0.0533
711.0	961.0	10782.2738	0.0089
685.0	924.0	10788.0494	0.0060
712.0	924.0	10783.3913	0.0083
719.0	849.0	10017.0689	0.3915
649.0	925.0	10785.6240	0.0072
680.0	977.0	10786.0143	0.0070
621.0	986.0	10786.5547	0.0067
891.0	94.0	10786.4877	0.0068
860.0	113.0	10665.7963	0.0671
878.0	52.0	10754.3000	0.0228
963.0	56.0	10783.5885	0.0082
871.0	79.0	10763.5983	0.0182
857.0	29.0	10786.8176	0.0066
894.0	107.0	10783.3201	0.0083
904.0	121.0	10758.8383	0.0206
823.0	159.0	10535.2996	0.1324
845.0	3.0	10786.4500	0.0068
914.0	175.0	10649.3050	0.0753
976.0	63.0	10790.5629	0.0047
948.0	84.0	10719.9304	0.0400
843.0	87.0	10719.4575	0.0403
908.0	110.0	10755.7723	0.0221
970.0	81.0	10782.1636	0.0089
887.0	90.0	10785.5686	0.0072
892.0	4.0	10782.0288	0.0090
960.0	9.0	10782.8558	0.0086
913.0	149.0	10632.1819	0.0839
861.0	394.0	10791.0632	0.0045
914.0	335.0	10746.2632	0.0269
970.0	260.0	10781.7317	0.0091
856.0	388.0	10711.1774	0.0444
915.0	357.0	10785.2327	0.0074
878.0	252.0	10789.8041	0.0051
896.0	283.0	10750.6666	0.0247
950.0	279.0	10783.9656	0.0080
905.0	384.0	10787.0454	0.0065
826.0	315.0	10785.8738	0.0071
812.0	374.0	8200.9942	1.2995
916.0	330.0	10786.4539	0.0068
923.0	270.0	10781.2984	0.0094
907.0	236.0	10785.2850	0.0074
803.0	262.0	10787.5845	0.0062
844.0	265.0	9905.7134	0.4471
916.0	274.0	10783.9455	0.0080
923.0	375.0	10782.8122	0.0086
873.0	203.0	10126.9126	0.3365
860.0	342.0	9770.7280	0.5146
883.0	553.0	10784.2391	0.0079
972.0	473.0	10782.7803	0.0086
895.0	468.0	10761.4373	0.0193
910.0	440.0	10782.3433	0.0088
950.0	528.0	10782.9502	0.0085
905.0	460.0	10786.2080	0.0069
921.0	512.0	10782.6203	0.0087
925.0	459.0	10782.0929	0.0090
883.0	514.0	10750.8011	0.0246
874.0	507.0	10725.0428	0.0375
849.0	482.0	6212.6469	1.1948
780.0	399.0	10789.5478	0.0052
850.0	509.0	10788.8846	0.0056
925.0	403.0	10786.5210	0.0067
908.0	478.0	10787.1865	0.0064
864.0	420.0	6341.6338	1.1480
937.0	475.0	10785.0904	0.0075
894.0	514.0	10786.4777	0.0068
858.0	594.0	10289.6315	0.2552
951.0	548.0	10783.3126	0.0083
873.0	639.0	10761.3460	0.0193
849.0	744.0	10786.9858	0.0065
875.0	727.0	10783.3802	0.0083
924.0	700.0	10782.6098	0.0087
918.0	699.0	10782.8787	0.0086
853.0	651.0	10553.2587	0.1234
929.0	639.0	10749.5438	0.0252
901.0	666.0	10786.9598	0.0065
818.0	747.0	10781.3554	0.0093
896.0	673.0	10788.4725	0.0058
896.0	651.0	10784.6851	0.0077
985.0	695.0	10781.8746	0.0091
894.0	727.0	10784.2360	0.0079
905.0	665.0	10786.7912	0.0066
905.0	697.0	10784.4058	0.0078
839.0	691.0	10783.6162	0.0082
858.0	657.0	10697.6623	0.0512
943.0	653.0	10784.5733	0.0077
865.0	708.0	10787.3098	0.0063
980.0	778.0	10788.1534	0.0059
926.0	976.0	10787.3016	0.0063
925.0	845.0	10687.9716	0.0560
867.0	916.0	10673.4492	0.0633
897.0	937.0	10783.3175	0.0083
886.0	989.0	10782.8532	0.0086
912.0	879.0	10786.0896	0.0070
927.0	913.0	10782.3574	0.0088
932.0	956.0	10781.5975	0.0092
898.0	951.0	10785.9570	0.0070
908.0	976.0	10784.2495	0.0079
882.0	945.0	10746.3619	0.0268
935.0	912.0	10785.3097	0.0073
933.0	925.0	10784.5611	0.0077
870.0	974.0	10785.6854	0.0072
781.0	868.0	10132.3788	0.3338
856.0	867.0	10249.7176	0.2751
866.0	867.0	10693.8484	0.0531
945.0	815.0	10764.2652	0.0179
922.0	875.0	10785.3048	0.0073
847.0	918.0	10716.7843	0.0416
