500.0 500.0
101.0	94.0	10788.8413	0.0056
40.0	120.0	10786.3972	0.0068
105.0	107.0	10782.9831	0.0085
138.0	120.0	10784.3572	0.0078
98.0	24.0	10782.2253	0.0089
96.0	102.0	10788.6071	0.0057
176.0	8.0	10787.4454	0.0063
80.0	92.0	10785.5464	0.0072
189.0	56.0	10713.4703	0.0433
100.0	136.0	10704.9680	0.0475
135.0	115.0	10689.0116	0.0555
35.0	105.0	10783.6617	0.0082
67.0	90.0	10782.1496	0.0089
42.0	93.0	10783.0464	0.0085
214.0	169.0	10781.8908	0.0091
113.0	182.0	10187.9550	0.3060
181.0	18.0	10789.9256	0.0050
154.0	77.0	10756.9413	0.0215
106.0	111.0	10786.1969	0.0069
129.0	131.0	10614.7416	0.0926
113.0	291.0	10751.2667	0.0244
47.0	345.0	10783.0272	0.0085
94.0	233.0	10786.1132	0.0069
117.0	350.0	10790.5430	0.0047
54.0	231.0	10784.7309	0.0076
120.0	288.0	10028.0574	0.3860
63.0	295.0	10780.5043	0.0097
44.0	263.0	10783.4654	0.0083
77.0	241.0	10784.2028	0.0079
8.0	374.0	10782.0312	0.0090
43.0	353.0	10783.1213	0.0084
42.0	362.0	10781.2666	0.0094
119.0	349.0	10658.0374	0.0710
150.0	356.0	9502.0603	0.6490
75.0	340.0	10746.7775	0.0266
83.0	263.0	10789.3691	0.0053
71.0	433.0	10788.4546	0.0058
109.0	278.0	10758.6060	0.0207
97.0	256.0	10288.2904	0.2559
70.0	318.0	10786.7211	0.0066
22.0	497.0	10784.4583	0.0078
97.0	435.0	10783.2259	0.0084
183.0	422.0	9507.1818	0.6464
99.0	425.0	10782.4068	0.0088
158.0	426.0	10783.0174	0.0085
126.0	555.0	10654.5762	0.0727
88.0	534.0	10789.5497	0.0052
118.0	528.0	10613.0847	0.0935
124.0	500.0	10784.9094	0.0075
163.0	467.0	10523.3600	0.1383
129.0	515.0	10445.3487	0.1773
68.0	432.0	10788.5568	0.0057
32.0	468.0	10783.9328	0.0080
105.0	558.0	10788.3279	0.0058
103.0	467.0	10697.1760	0.0514
66.0	527.0	10784.6173	0.0077
127.0	562.0	10787.3917	0.0063
96.0	484.0	10755.7531	0.0221
90.0	548.0	10786.9717	0.0065
80.0	588.0	10784.4519	0.0078
110.0	628.0	10682.8703	0.0586
137.0	704.0	10783.1447	0.0084
149.0	732.0	10486.9142	0.1565
80.0	763.0	10782.3301	0.0088
125.0	693.0	10786.8313	0.0066
66.0	668.0	10747.5125	0.0262
78.0	693.0	10784.5035	0.0077
120.0	817.0	10731.0466	0.0345
147.0	768.0	10673.3250	0.0633
104.0	600.0	10685.8956	0.0571
128.0	734.0	10789.1502	0.0054
15.0	754.0	10779.8866	0.0101
147.0	803.0	10556.6946	0.1217
120.0	689.0	10787.3890	0.0063
92.0	727.0	10782.3988	0.0088
16.0	677.0	10787.2942	0.0064
171.0	717.0	10484.9398	0.1575
55.0	686.0	10743.5852	0.0282
107.0	611.0	10785.9969	0.0070
104.0	642.0	10789.4482	0.0053
123.0	875.0	10714.9064	0.0425
93.0	981.0	10783.4868	0.0083
150.0	914.0	10791.3045	0.0043
35.0	912.0	10785.8024	0.0071
146.0	817.0	10788.3641	0.0058
152.0	902.0	10791.2330	0.0044
98.0	950.0	10783.5106	0.0082
151.0	899.0	10766.3570	0.0168
94.0	848.0	10784.6983	0.0077
157.0	868.0	10754.5573	0.0227
89.0	892.0	10784.0472	0.0080
113.0	912.0	10786.1716	0.0069
76.0	937.0	10781.6078	0.0092
106.0	916.0	10783.6077	0.0082
149.0	939.0	10760.0532	0.0200
72.0	943.0	10786.0406	0.0070
118.0	901.0	10756.7325	0.0216
66.0	850.0	10757.7486	0.0211
67.0	915.0	10784.2666	0.0079
150.0	917.0	10790.6518	0.0047
268.0	99.0	10783.5860	0.0082
285.0	99.0	10751.0062	0.0245
343.0	128.0	10750.7450	0.0246
345.0	128.0	10791.6238	0.0042
337.0	147.0	10544.9458	0.1275
329.0	127.0	10783.9864	0.0080
414.0	92.0	10784.7540	0.0076
288.0	116.0	10786.0739	0.0070
316.0	61.0	10784.7547	0.0076
282.0	19.0	10783.2912	0.0084
326.0	21.0	10785.8303	0.0071
270.0	113.0	10785.2365	0.0074
347.0	18.0	10786.0161	0.0070
328.0	233.0	10402.6141	0.1987
326.0	70.0	10715.0252	0.0425
318.0	33.0	10783.0373	0.0085
319.0	120.0	10783.4874	0.0083
352.0	77.0	10717.4220	0.0413
326.0	0.0	10785.4668	0.0073
335.0	125.0	10783.4529	0.0083
267.0	228.0	10750.3936	0.0248
282.0	350.0	10782.5472	0.0087
278.0	173.0	10443.0456	0.1785
285.0	302.0	10649.8190	0.0751
301.0	216.0	10522.3841	0.1388
157.0	313.0	10707.9852	0.0460
184.0	277.0	10788.1980	0.0059
250.0	326.0	10784.9747	0.0075
364.0	304.0	9895.4967	0.4523
326.0	233.0	10783.1296	0.0084
280.0	256.0	10782.9872	0.0085
245.0	353.0	10788.5136	0.0057
265.0	259.0	10788.5466	0.0057
375.0	300.0	10781.3100	0.0093
286.0	287.0	10471.1158	0.1644
345.0	375.0	9889.4224	0.4553
340.0	398.0	10659.9413	0.0700
337.0	307.0	10722.9827	0.0385
284.0	379.0	10725.5427	0.0372
296.0	231.0	10784.0660	0.0080
184.0	484.0	10190.1657	0.3049
230.0	437.0	10489.1085	0.1554
254.0	525.0	10787.1961	0.0064
263.0	522.0	10783.2164	0.0084
325.0	467.0	10783.3373	0.0083
214.0	519.0	10786.4592	0.0068
369.0	524.0	7908.3122	1.4458
249.0	523.0	10785.7308	0.0071
293.0	506.0	9356.7288	0.7216
358.0	428.0	9691.9769	0.5540
361.0	459.0	10598.1001	0.1009
265.0	544.0	10787.5651	0.0062
326.0	482.0	10126.3266	0.3368
264.0	479.0	10752.2286	0.0239
297.0	489.0	10784.2863	0.0079
250.0	481.0	10112.1525	0.3439
310.0	522.0	10697.2596	0.0514
244.0	456.0	9472.7649	0.6636
340.0	480.0	10391.1919	0.2044
281.0	468.0	10458.5075	0.1707
277.0	709.0	10285.0366	0.2575
247.0	733.0	10461.8436	0.1691
215.0	680.0	10784.5427	0.0077
214.0	700.0	10446.7672	0.1766
319.0	716.0	10438.7007	0.1806
339.0	655.0	10763.0035	0.0185
240.0	748.0	10784.0696	0.0080
216.0	645.0	10790.1442	0.0049
305.0	720.0	10787.0039	0.0065
300.0	715.0	10786.1132	0.0069
300.0	640.0	10783.8606	0.0081
373.0	744.0	10787.4752	0.0063
355.0	689.0	10581.3791	0.1093
350.0	725.0	10239.3748	0.2803
350.0	770.0	10048.2409	0.3759
330.0	601.0	10787.3967	0.0063
359.0	738.0	10785.4652	0.0073
386.0	739.0	9174.4399	0.8128
300.0	704.0	10759.0740	0.0205
221.0	678.0	10755.1335	0.0224
362.0	909.0	10781.9754	0.0090
383.0	881.0	10787.9488	0.0060
182.0	844.0	10786.9393	0.0065
301.0	916.0	10783.1857	0.0084
376.0	929.0	10782.4994	0.0088
366.0	878.0	10732.5783	0.0337
261.0	909.0	10783.0162	0.0085
176.0	903.0	10402.4258	0.1988
318.0	862.0	10668.0886	0.0660
371.0	830.0	9998.6003	0.4007
403.0	915.0	10789.3872	0.0053
133.0	955.0	10785.3266	0.0073
379.0	924.0	10785.2845	0.0074
298.0	887.0	10784.3167	0.0078
269.0	893.0	10786.9553	0.0065
246.0	911.0	10352.6213	0.2237
303.0	861.0	10322.9034	0.2385
288.0	917.0	10785.7200	0.0071
296.0	934.0	10783.6993	0.0082
345.0	903.0	10782.4360	0.0088
496.0	118.0	10753.1351	0.0234
536.0	86.0	10784.2087	0.0079
480.0	89.0	10782.1632	0.0089
565.0	116.0	10787.7636	0.0061
537.0	169.0	10283.9998	0.2580
498.0	17.0	10781.9804	0.0090
514.0	90.0	10783.9534	0.0080
561.0	127.0	10788.8138	0.0056
478.0	115.0	10746.4587	0.0268
528.0	151.0	10714.2479	0.0429
475.0	50.0	10783.7350	0.0081
510.0	165.0	10752.0473	0.0240
501.0	34.0	10783.6637	0.0082
491.0	149.0	10760.7307	0.0196
481.0	76.0	10783.1885	0.0084
503.0	136.0	10788.9296	0.0055
486.0	24.0	10781.6351	0.0092
527.0	96.0	10748.1323	0.0259
528.0	91.0	10715.2752	0.0424
513.0	114.0	10787.8210	0.0061
521.0	277.0	10782.5210	0.0087
440.0	346.0	10733.7761	0.0331
530.0	353.0	10790.3767	0.0048
500.0	281.0	10784.6870	0.0077
507.0	241.0	10248.7137	0.2756
444.0	258.0	10789.6579	0.0052
450.0	296.0	10686.6579	0.0567
534.0	298.0	10076.7693	0.3616
515.0	327.0	10790.6928	0.0047
526.0	274.0	10781.9080	0.0090
453.0	391.0	9440.7738	0.6796
529.0	235.0	10786.5450	0.0067
487.0	327.0	10782.6126	0.0087
481.0	232.0	10783.8283	0.0081
538.0	316.0	10703.0701	0.0485
498.0	347.0	9637.1526	0.5814
564.0	247.0	10716.5162	0.0417
466.0	246.0	10786.9079	0.0065
431.0	298.0	10788.8930	0.0056
533.0	227.0	10685.2443	0.0574
527.0	460.0	10789.1238	0.0054
551.0	512.0	8454.3444	1.1728
499.0	472.0	8936.8296	0.9316
467.0	457.0	8543.5036	1.1282
504.0	551.0	10788.2698	0.0059
542.0	540.0	10786.2830	0.0069
563.0	486.0	10381.6677	0.2092
442.0	460.0	10783.3402	0.0083
548.0	477.0	10787.4985	0.0063
552.0	512.0	10788.2594	0.0059
472.0	484.0	10790.1910	0.0049
544.0	449.0	10784.9315	0.0075
504.0	461.0	10788.9132	0.0055
567.0	440.0	8390.1918	1.2049
434.0	528.0	6138.2564	1.0012
522.0	538.0	6250.1052	1.2846
427.0	391.0	9668.6421	0.5657
532.0	477.0	10789.9608	0.0050
451.0	507.0	10787.2158	0.0064
538.0	589.0	6141.1892	1.1567
526.0	704.0	10783.7855	0.0081
450.0	794.0	10458.2021	0.1709
488.0	693.0	10782.1068	0.0089
496.0	678.0	10785.6564	0.0072
427.0	726.0	9840.6263	0.4797
484.0	691.0	9062.0819	0.8690
490.0	673.0	10754.8754	0.0226
509.0	662.0	9006.5084	0.8967
556.0	800.0	10788.1083	0.0059
484.0	707.0	10787.9742	0.0060
451.0	738.0	10782.5485	0.0087
503.0	672.0	10787.0177	0.0065
444.0	625.0	10783.9395	0.0080
483.0	712.0	10786.6895	0.0067
538.0	633.0	8405.1478	1.1974
557.0	680.0	10047.5390	0.3762
528.0	689.0	10787.0201	0.0065
443.0	685.0	9242.3025	0.7788
573.0	687.0	10753.7432	0.0231
473.0	756.0	10222.4386	0.2888
525.0	843.0	10765.6269	0.0172
518.0	955.0	10747.1212	0.0264
479.0	837.0	10615.9400	0.0920
511.0	927.0	10781.1450	0.0094
486.0	954.0	10781.6476	0.0092
566.0	907.0	10782.6706	0.0087
504.0	838.0	10784.0398	0.0080
537.0	895.0	10650.0041	0.0750
440.0	952.0	10785.1779	0.0074
436.0	930.0	10789.5494	0.0052
508.0	848.0	10747.0538	0.0265
512.0	821.0	10213.2765	0.2934
462.0	930.0	10785.0651	0.0075
489.0	867.0	10731.2686	0.0344
579.0	987.0	10784.2521	0.0079
435.0	889.0	10625.4134	0.0873
508.0	854.0	10789.6948	0.0052
512.0	870.0	10787.8624	0.0061
489.0	934.0	10783.9826	0.0080
500.0	879.0	10694.1816	0.0529
653.0	103.0	10727.8192	0.0361
744.0	173.0	10610.8179	0.0946
808.0	17.0	10784.4961	0.0078
781.0	49.0	10783.6551	0.0082
700.0	107.0	10761.5215	0.0192
710.0	91.0	10786.0612	0.0070
773.0	38.0	10780.4463	0.0098
683.0	101.0	10732.3191	0.0338
689.0	148.0	10382.5704	0.2087
742.0	85.0	10782.8136	0.0086
706.0	68.0	10783.3324	0.0083
633.0	36.0	10784.2172	0.0079
685.0	136.0	10714.1525	0.0429
753.0	79.0	10782.0564	0.0090
647.0	86.0	10782.9848	0.0085
739.0	58.0	10784.5432	0.0077
767.0	121.0	10640.9139	0.0795
695.0	37.0	10781.8966	0.0091
727.0	102.0	10724.9309	0.0375
764.0	85.0	10784.2505	0.0079
775.0	328.0	10749.4334	0.0253
661.0	235.0	10785.0251	0.0075
643.0	250.0	10747.4250	0.0263
795.0	264.0	10785.5281	0.0072
720.0	304.0	10782.0654	0.0090
634.0	359.0	10651.6032	0.0742
731.0	325.0	9820.6334	0.4897
700.0	285.0	9913.2772	0.4434
668.0	353.0	9932.9091	0.4335
716.0	427.0	10458.0706	0.1710
701.0	211.0	9987.5749	0.4062
700.0	350.0	10724.0726	0.0380
727.0	347.0	10786.2284	0.0069
659.0	338.0	10782.6651	0.0087
676.0	377.0	9849.7529	0.4751
704.0	309.0	10782.1815	0.0089
693.0	328.0	10785.2705	0.0074
712.0	349.0	10781.7030	0.0091
651.0	220.0	10790.6246	0.0047
671.0	361.0	10754.3056	0.0228
844.0	544.0	10369.7886	0.2151
704.0	415.0	10782.6042	0.0087
721.0	489.0	10786.5747	0.0067
628.0	494.0	8020.7605	1.3896
781.0	388.0	10478.3483	0.1608
718.0	453.0	10781.8856	0.0091
669.0	514.0	10789.0669	0.0055
690.0	514.0	10543.2898	0.1284
771.0	470.0	10784.2137	0.0079
647.0	410.0	10480.5482	0.1597
711.0	481.0	10788.2011	0.0059
720.0	535.0	10786.0986	0.0070
754.0	516.0	10575.5000	0.1123
670.0	462.0	10787.1342	0.0064
665.0	508.0	9002.9789	0.8985
779.0	588.0	9225.4791	0.7873
627.0	406.0	8525.4923	1.1373
701.0	474.0	10749.8759	0.0251
631.0	455.0	10382.4282	0.2088
710.0	569.0	8710.0291	1.0450
779.0	750.0	10782.5453	0.0087
622.0	688.0	10004.4444	0.3978
750.0	679.0	10725.3885	0.0373
675.0	784.0	10788.8482	0.0056
662.0	743.0	10021.9930	0.3890
705.0	810.0	10126.0116	0.3370
734.0	679.0	10789.1102	0.0054
818.0	749.0	10781.9820	0.0090
730.0	677.0	10789.5884	0.0052
752.0	643.0	10062.4392	0.3688
619.0	609.0	10789.7688	0.0051
649.0	690.0	10782.0538	0.0090
697.0	655.0	10512.2225	0.1439
764.0	787.0	10788.6211	0.0057
765.0	695.0	10683.5614	0.0582
800.0	728.0	10783.4851	0.0083
655.0	607.0	10441.7032	0.1791
769.0	704.0	10756.1526	0.0219
665.0	602.0	10787.3746	0.0063
730.0	769.0	10715.8464	0.0421
715.0	939.0	10718.8878	0.0406
662.0	938.0	10782.9125	0.0085
710.0	886.0	10749.7024	0.0251
687.0	921.0	10787.9635	0.0060
611.0	871.0	10683.9829	0.0580
656.0	983.0	10785.3361	0.0073
713.0	885.0	10783.8382	0.0081
743.0	878.0	10780.9188	0.0095
708.0	947.0	10783.4161	0.0083
749.0	948.0	10783.3331	0.0083
689.0	878.0	10783.1645	0.0084
761.0	801.0	10788.8240	0.0056
754.0	891.0	10786.2417	0.0069
750.0	976.0	10758.1828	0.0209
767.0	915.0	10678.6330	0.0607
717.0	895.0	10790.9254	0.0045
701.0	871.0	10424.5866	0.1877
644.0	974.0	10785.9056	0.0070
672.0	919.0	10716.5907	0.0417
691.0	877.0	10783.5355	0.0082
932.0	122.0	10784.0533	0.0080
795.0	58.0	10783.8490	0.0081
861.0	123.0	10663.5653	0.0682
883.0	68.0	10787.2365	0.0064
864.0	95.0	10785.2983	0.0074
918.0	139.0	10784.4260	0.0078
906.0	91.0	10786.6065	0.0067
842.0	17.0	10785.3684	0.0073
895.0	85.0	10787.9920	0.0060
897.0	113.0	10784.3576	0.0078
825.0	85.0	10724.3139	0.0378
936.0	62.0	10783.9774	0.0080
969.0	139.0	10787.3142	0.0063
938.0	71.0	10783.5802	0.0082
873.0	102.0	10684.4246	0.0578
818.0	71.0	10783.5556	0.0082
911.0	32.0	10782.1219	0.0089
847.0	158.0	10764.3180	0.0178
914.0	141.0	10754.0121	0.0230
873.0	178.0	10626.0724	0.0870
847.0	274.0	10696.2948	0.0519
998.0	278.0	10786.0939	0.0070
887.0	275.0	10789.0423	0.0055
931.0	327.0	10714.5009	0.0427
891.0	372.0	10707.3240	0.0463
981.0	284.0	10782.2599	0.0089
838.0	239.0	10582.0722	0.1090
894.0	297.0	10781.9222	0.0090
907.0	307.0	10753.1995	0.0234
924.0	245.0	10783.8226	0.0081
904.0	253.0	10785.5746	0.0072
860.0	274.0	10751.9123	0.0240
992.0	339.0	10755.3265	0.0223
873.0	295.0	10784.1045	0.0079
915.0	293.0	10783.7844	0.0081
844.0	268.0	10786.3141	0.0068
853.0	262.0	10435.5139	0.1822
865.0	187.0	10451.1579	0.1744
799.0	306.0	9888.7362	0.4556
874.0	289.0	10782.9742	0.0085
888.0	388.0	10707.1249	0.0464
894.0	518.0	10756.6116	0.0217
955.0	485.0	10783.8716	0.0081
856.0	502.0	10726.7716	0.0366
877.0	576.0	10784.5006	0.0077
959.0	516.0	10784.5616	0.0077
908.0	552.0	10785.6371	0.0072
969.0	551.0	10749.6394	0.0252
811.0	547.0	10605.5574	0.0972
911.0	541.0	10785.3731	0.0073
983.0	516.0	10781.1957	0.0094
857.0	485.0	10751.1632	0.0244
851.0	380.0	10522.8068	0.1386
928.0	477.0	10783.8297	0.0081
922.0	450.0	10784.2414	0.0079
899.0	543.0	10727.1916	0.0364
907.0	525.0	10752.6001	0.0237
962.0	479.0	10781.2764	0.0094
891.0	521.0	10730.7495	0.0346
899.0	454.0	10785.8312	0.0071
844.0	745.0	10783.6200	0.0082
890.0	699.0	10787.0724	0.0065
908.0	706.0	10783.6548	0.0082
837.0	745.0	10782.4546	0.0088
804.0	633.0	10532.2138	0.1339
917.0	691.0	10780.0473	0.0100
921.0	690.0	10784.9619	0.0075
985.0	626.0	10781.1541	0.0094
843.0	663.0	10704.7365	0.0476
944.0	713.0	10783.5317	0.0082
874.0	689.0	10751.6946	0.0242
871.0	670.0	10782.5403	0.0087
835.0	722.0	10785.0344	0.0075
926.0	763.0	10240.3449	0.2798
826.0	744.0	10782.3383	0.0088
868.0	629.0	10784.4003	0.0078
824.0	705.0	10782.4729	0.0088
852.0	688.0	10752.9106	0.0235
874.0	706.0	10219.4845	0.2903
801.0	692.0	10114.0547	0.3430
893.0	930.0	10755.1964	0.0224
920.0	877.0	10786.7896	0.0066
928.0	854.0	10733.1968	0.0334
956.0	960.0	10784.8412	0.0076
957.0	897.0	10782.4298	0.0088
827.0	927.0	10726.3789	0.0368
916.0	950.0	10781.8934	0.0091
826.0	994.0	10781.1300	0.0094
959.0	921.0	10783.1128	0.0084
960.0	840.0	10784.0228	0.0080
855.0	901.0	10746.8514	0.0266
856.0	903.0	10782.7037	0.0086
865.0	895.0	10784.1161	0.0079
853.0	896.0	10782.6342	0.0087
857.0	903.0	10782.0336	0.0090
1000.0	873.0	10783.9716	0.0080
880.0	892.0	10755.1111	0.0224
835.0	854.0	10786.4539	0.0068
927.0	899.0	10782.2768	0.0089
887.0	830.0	10273.5456	0.2632
