500.0 500.0
134.0	118.0	10733.4861	0.0333
67.0	52.0	10783.3359	0.0083
30.0	86.0	10785.9968	0.0070
78.0	72.0	10752.0376	0.0240
80.0	122.0	10727.3494	0.0363
86.0	195.0	10752.2977	0.0239
108.0	129.0	10766.3495	0.0168
222.0	88.0	10782.5283	0.0087
30.0	38.0	10787.0393	0.0065
131.0	133.0	10783.1088	0.0084
26.0	164.0	10784.7406	0.0076
106.0	66.0	10781.9181	0.0090
178.0	99.0	10725.1098	0.0374
80.0	117.0	10784.6616	0.0077
135.0	87.0	10715.0194	0.0425
124.0	165.0	10461.6064	0.1692
109.0	83.0	10784.4937	0.0078
12.0	86.0	10783.4453	0.0083
51.0	80.0	10785.4308	0.0073
91.0	26.0	10782.6930	0.0087
163.0	255.0	10783.8561	0.0081
142.0	347.0	10783.5597	0.0082
41.0	391.0	10782.0530	0.0090
155.0	201.0	10312.2586	0.2439
223.0	287.0	10225.6787	0.2872
112.0	224.0	10783.0612	0.0085
87.0	403.0	10782.5135	0.0087
113.0	468.0	10787.7633	0.0061
152.0	282.0	10549.5653	0.1252
124.0	302.0	10762.8254	0.0186
119.0	296.0	10790.1703	0.0049
86.0	238.0	10780.9391	0.0095
22.0	296.0	10784.3640	0.0078
88.0	317.0	10751.9623	0.0240
77.0	251.0	10783.7939	0.0081
224.0	296.0	10501.2582	0.1494
73.0	303.0	10782.4455	0.0088
99.0	356.0	10786.0772	0.0070
126.0	421.0	10784.3680	0.0078
147.0	324.0	10755.0985	0.0225
120.0	393.0	10757.7278	0.0211
3.0	433.0	10786.2802	0.0069
136.0	519.0	10745.8778	0.0271
139.0	450.0	10612.4781	0.0938
122.0	468.0	10781.8308	0.0091
72.0	491.0	10783.5202	0.0082
137.0	445.0	10789.8005	0.0051
189.0	606.0	10713.8641	0.0431
92.0	512.0	10782.6294	0.0087
138.0	402.0	10747.8638	0.0261
62.0	436.0	10749.0410	0.0255
123.0	510.0	10783.1823	0.0084
198.0	528.0	10749.9402	0.0250
111.0	453.0	10786.5735	0.0067
155.0	477.0	10675.5900	0.0622
132.0	468.0	10783.2804	0.0084
112.0	443.0	10784.2086	0.0079
205.0	528.0	10687.7568	0.0561
120.0	450.0	10786.6310	0.0067
165.0	478.0	10591.9520	0.1040
121.0	666.0	10783.6342	0.0082
119.0	697.0	10763.2993	0.0184
96.0	723.0	10692.2717	0.0539
1.0	736.0	10782.0088	0.0090
65.0	790.0	10716.9968	0.0415
70.0	702.0	10716.6166	0.0417
111.0	722.0	10788.2245	0.0059
103.0	745.0	10782.6367	0.0087
104.0	746.0	10486.5715	0.1567
29.0	805.0	10789.6186	0.0052
143.0	680.0	10037.3650	0.3813
161.0	759.0	10779.9923	0.0100
41.0	689.0	10780.5579	0.0097
216.0	774.0	10783.0394	0.0085
10.0	694.0	10786.5535	0.0067
135.0	706.0	10790.3798	0.0048
140.0	594.0	10760.4567	0.0198
35.0	579.0	7002.0504	0.6106
68.0	811.0	10525.2460	0.1374
162.0	733.0	10786.0848	0.0070
213.0	863.0	10790.8850	0.0046
109.0	978.0	10784.8729	0.0076
70.0	887.0	10783.8300	0.0081
109.0	880.0	10783.6521	0.0082
102.0	896.0	10790.4391	0.0048
121.0	874.0	10746.9941	0.0265
104.0	964.0	10782.1689	0.0089
109.0	866.0	10784.7422	0.0076
106.0	874.0	10783.7974	0.0081
186.0	899.0	10625.6037	0.0872
119.0	915.0	10751.8242	0.0241
113.0	865.0	10688.7743	0.0556
198.0	895.0	10726.1843	0.0369
101.0	894.0	10790.2564	0.0049
119.0	953.0	10781.5132	0.0092
17.0	868.0	10782.9438	0.0085
220.0	865.0	10790.5056	0.0047
108.0	885.0	10747.8384	0.0261
48.0	889.0	10784.1616	0.0079
86.0	862.0	10783.0850	0.0085
320.0	111.0	10784.7951	0.0076
192.0	81.0	10787.6526	0.0062
239.0	62.0	10785.6776	0.0072
414.0	74.0	10784.8302	0.0076
291.0	72.0	10785.6111	0.0072
248.0	86.0	10784.8302	0.0076
239.0	114.0	10616.1401	0.0919
273.0	117.0	10728.8892	0.0356
339.0	112.0	10658.3178	0.0708
325.0	51.0	10784.3774	0.0078
287.0	132.0	10784.5182	0.0077
286.0	173.0	10554.0531	0.1230
270.0	147.0	10721.9626	0.0390
224.0	50.0	10783.8560	0.0081
402.0	128.0	10782.4328	0.0088
289.0	135.0	10785.1290	0.0074
275.0	142.0	10783.8110	0.0081
326.0	180.0	10606.9083	0.0965
382.0	69.0	10787.2313	0.0064
221.0	62.0	10783.1769	0.0084
341.0	284.0	10782.9492	0.0085
210.0	331.0	10708.3380	0.0458
350.0	237.0	9998.9032	0.4005
251.0	231.0	10783.0886	0.0085
336.0	359.0	10790.1198	0.0049
368.0	315.0	9732.7313	0.5336
377.0	304.0	10096.0529	0.3520
395.0	265.0	10755.3715	0.0223
412.0	320.0	8500.1484	1.1499
324.0	376.0	10788.5870	0.0057
314.0	300.0	10609.7434	0.0951
215.0	209.0	10212.0577	0.2940
298.0	284.0	10782.8396	0.0086
245.0	222.0	10781.3694	0.0093
364.0	207.0	10784.3713	0.0078
345.0	276.0	10783.6833	0.0082
315.0	194.0	10316.5715	0.2417
290.0	298.0	9760.9927	0.5195
237.0	301.0	10611.6209	0.0942
369.0	364.0	10725.9628	0.0370
247.0	497.0	10784.9165	0.0075
247.0	482.0	10785.3129	0.0073
392.0	447.0	6250.1052	1.2846
341.0	497.0	10099.9628	0.3500
297.0	479.0	10785.9419	0.0070
350.0	507.0	6141.1892	1.1567
269.0	496.0	10129.4648	0.3353
247.0	654.0	10784.6314	0.0077
183.0	516.0	10516.8174	0.1416
249.0	526.0	10783.5992	0.0082
297.0	521.0	10787.4482	0.0063
215.0	527.0	10384.2767	0.2079
302.0	617.0	6038.1580	1.2237
303.0	454.0	10784.3318	0.0078
299.0	529.0	10787.2904	0.0064
357.0	540.0	10790.7439	0.0046
313.0	498.0	10417.0958	0.1915
250.0	483.0	10505.0798	0.1475
259.0	482.0	10786.4672	0.0068
330.0	550.0	8138.8832	1.3306
316.0	781.0	10781.2279	0.0094
255.0	702.0	10788.2597	0.0059
295.0	768.0	10751.5544	0.0242
299.0	706.0	10748.3902	0.0258
305.0	678.0	10756.4437	0.0218
345.0	689.0	10268.2307	0.2659
295.0	692.0	9795.5610	0.5022
362.0	668.0	10781.9440	0.0090
332.0	754.0	10784.3128	0.0078
273.0	757.0	10784.5044	0.0077
294.0	665.0	10762.7508	0.0186
293.0	734.0	10783.1949	0.0084
340.0	645.0	10173.8447	0.3131
316.0	737.0	9768.1406	0.5159
327.0	664.0	9845.4671	0.4773
269.0	748.0	10782.3551	0.0088
306.0	640.0	10791.7490	0.0041
350.0	544.0	10790.2427	0.0049
218.0	705.0	9939.0739	0.4305
330.0	781.0	10788.9597	0.0055
257.0	926.0	10782.5103	0.0087
292.0	881.0	10786.2823	0.0069
298.0	945.0	10784.0202	0.0080
377.0	865.0	10750.5478	0.0247
257.0	778.0	9881.6013	0.4592
305.0	877.0	10619.9516	0.0900
356.0	878.0	10787.6544	0.0062
394.0	948.0	10784.9792	0.0075
313.0	975.0	10785.2370	0.0074
310.0	960.0	10782.0929	0.0090
319.0	797.0	10786.3633	0.0068
264.0	924.0	10752.0929	0.0240
303.0	886.0	10783.5726	0.0082
302.0	881.0	10752.1728	0.0239
286.0	881.0	10787.2018	0.0064
367.0	943.0	10781.7477	0.0091
322.0	910.0	10789.7187	0.0051
240.0	873.0	10791.2192	0.0044
242.0	868.0	10791.8940	0.0041
238.0	851.0	9891.6136	0.4542
458.0	63.0	10784.9530	0.0075
525.0	77.0	10753.8435	0.0231
554.0	204.0	10784.0816	0.0080
527.0	72.0	10786.0904	0.0070
515.0	140.0	10613.4615	0.0933
343.0	85.0	10790.8999	0.0046
481.0	121.0	10672.0534	0.0640
515.0	168.0	9803.5762	0.4982
514.0	73.0	10783.6392	0.0082
518.0	99.0	10784.5243	0.0077
513.0	73.0	10784.6593	0.0077
443.0	101.0	10789.4602	0.0053
538.0	98.0	10124.6169	0.3377
478.0	101.0	10751.8557	0.0241
471.0	18.0	10781.6280	0.0092
541.0	93.0	10782.7321	0.0086
521.0	104.0	10785.0966	0.0075
573.0	31.0	10782.7290	0.0086
500.0	58.0	10786.0796	0.0070
528.0	199.0	10787.9852	0.0060
446.0	266.0	10785.4925	0.0073
477.0	309.0	10782.7433	0.0086
404.0	314.0	10748.3183	0.0258
625.0	336.0	9933.4294	0.4333
403.0	233.0	10782.7671	0.0086
561.0	274.0	10716.0823	0.0420
480.0	316.0	9462.9301	0.6685
498.0	215.0	10605.7502	0.0971
469.0	268.0	9650.9760	0.5745
517.0	370.0	9252.5253	0.7737
543.0	371.0	10785.6775	0.0072
646.0	296.0	10789.4667	0.0053
525.0	307.0	10784.6800	0.0077
475.0	225.0	9904.4251	0.4478
548.0	312.0	10785.7141	0.0071
550.0	224.0	10787.8674	0.0061
535.0	346.0	10685.9786	0.0570
523.0	426.0	10710.4267	0.0448
464.0	362.0	8195.9210	1.3020
529.0	359.0	10783.9980	0.0080
532.0	500.0	10791.0604	0.0045
440.0	487.0	10786.0398	0.0070
430.0	489.0	10783.2048	0.0084
506.0	526.0	10790.6780	0.0047
460.0	482.0	6366.7634	1.2633
569.0	451.0	6431.0526	1.1369
549.0	418.0	10653.3567	0.0733
487.0	437.0	6388.3525	1.0629
448.0	517.0	10787.2432	0.0064
439.0	502.0	10786.9474	0.0065
530.0	491.0	10790.2869	0.0049
476.0	464.0	10764.3741	0.0178
494.0	505.0	10791.4165	0.0043
445.0	396.0	10784.4612	0.0078
506.0	478.0	6462.6415	1.1507
452.0	463.0	10786.3660	0.0068
515.0	540.0	10790.0355	0.0050
472.0	452.0	10787.6092	0.0062
475.0	515.0	10789.9614	0.0050
487.0	506.0	10792.4215	0.0038
459.0	612.0	10785.4475	0.0073
426.0	720.0	10788.4705	0.0058
548.0	783.0	10713.0413	0.0435
513.0	647.0	10583.7568	0.1081
539.0	626.0	10739.6296	0.0302
481.0	683.0	10788.0538	0.0060
483.0	627.0	10786.8181	0.0066
463.0	703.0	10751.5706	0.0242
433.0	757.0	10789.1722	0.0054
392.0	751.0	10170.6561	0.3147
519.0	707.0	10755.8594	0.0221
501.0	809.0	10619.4664	0.0903
492.0	764.0	10785.5040	0.0072
509.0	669.0	10784.3110	0.0078
439.0	720.0	10786.6339	0.0067
439.0	757.0	10594.2762	0.1029
449.0	627.0	10785.0343	0.0075
441.0	768.0	10615.4231	0.0923
568.0	635.0	10397.6519	0.2012
485.0	625.0	10787.9662	0.0060
488.0	958.0	10783.3342	0.0083
532.0	898.0	10783.5470	0.0082
542.0	886.0	10786.5108	0.0067
464.0	822.0	10593.1696	0.1034
512.0	847.0	10749.5848	0.0252
508.0	916.0	10784.2786	0.0079
464.0	876.0	10782.4100	0.0088
467.0	960.0	10783.1046	0.0084
426.0	890.0	10748.0511	0.0260
478.0	874.0	10754.3236	0.0228
435.0	871.0	10787.3733	0.0063
567.0	939.0	10784.8794	0.0076
537.0	982.0	10786.2493	0.0069
478.0	940.0	10785.5918	0.0072
557.0	770.0	10783.1726	0.0084
572.0	930.0	10703.0611	0.0485
528.0	884.0	10780.8344	0.0096
441.0	861.0	10781.4614	0.0093
559.0	975.0	10787.8565	0.0061
474.0	887.0	10722.6054	0.0387
646.0	138.0	10787.4661	0.0063
744.0	72.0	10449.8865	0.1751
761.0	82.0	10456.1609	0.1719
708.0	102.0	10759.6775	0.0202
699.0	150.0	10176.2081	0.3119
696.0	54.0	10785.9329	0.0070
739.0	117.0	10759.2078	0.0204
696.0	17.0	10786.3263	0.0068
603.0	65.0	10196.1604	0.3019
792.0	52.0	10787.7969	0.0061
711.0	138.0	10524.9261	0.1375
704.0	220.0	10127.0165	0.3365
760.0	55.0	10783.4255	0.0083
692.0	101.0	10787.1264	0.0064
659.0	103.0	10753.2274	0.0234
788.0	88.0	10787.2414	0.0064
713.0	28.0	10785.8387	0.0071
633.0	115.0	10786.3248	0.0068
680.0	77.0	10310.7508	0.2446
677.0	128.0	10790.1886	0.0049
684.0	291.0	10091.4678	0.3543
671.0	303.0	10786.3797	0.0068
742.0	274.0	10784.5243	0.0077
698.0	273.0	10784.2053	0.0079
699.0	260.0	10782.0654	0.0090
719.0	422.0	10786.1311	0.0069
636.0	309.0	10790.6166	0.0047
808.0	289.0	10604.7064	0.0976
637.0	326.0	10747.4654	0.0263
640.0	239.0	10783.5372	0.0082
664.0	423.0	7870.8778	1.4646
656.0	333.0	10752.6725	0.0237
749.0	305.0	10446.9287	0.1765
650.0	317.0	10716.2705	0.0419
701.0	323.0	10371.9382	0.2140
703.0	312.0	10783.3850	0.0083
756.0	361.0	10785.6402	0.0072
688.0	282.0	10784.3975	0.0078
736.0	347.0	10787.6551	0.0062
665.0	324.0	10786.2113	0.0069
706.0	495.0	10728.8003	0.0356
687.0	576.0	10763.0482	0.0185
688.0	495.0	10782.5694	0.0087
732.0	565.0	10785.0317	0.0075
701.0	473.0	10784.0020	0.0080
679.0	420.0	10034.8502	0.3826
796.0	456.0	10275.7562	0.2621
697.0	551.0	10790.7600	0.0046
671.0	533.0	6212.6469	1.1948
775.0	506.0	10783.6354	0.0082
762.0	549.0	10782.9236	0.0085
723.0	494.0	10785.3507	0.0073
612.0	479.0	6341.6338	1.1480
688.0	490.0	10781.9982	0.0090
687.0	480.0	10783.2959	0.0084
694.0	380.0	10101.1673	0.3494
656.0	408.0	10106.8304	0.3466
757.0	437.0	9754.7478	0.5226
642.0	564.0	8022.2546	1.3889
775.0	504.0	10784.1741	0.0079
749.0	705.0	10783.2767	0.0084
651.0	680.0	8749.5816	1.0252
633.0	607.0	8029.5462	1.3852
694.0	656.0	10035.7799	0.3821
650.0	758.0	10783.3725	0.0083
686.0	688.0	10789.5099	0.0052
659.0	745.0	9698.8469	0.5506
696.0	678.0	10788.1913	0.0059
719.0	715.0	10782.8152	0.0086
689.0	675.0	10782.0034	0.0090
682.0	699.0	10789.7331	0.0051
684.0	801.0	10367.7268	0.2161
764.0	667.0	10176.4097	0.3118
614.0	653.0	10730.7343	0.0346
723.0	672.0	10784.3001	0.0078
782.0	666.0	10785.2132	0.0074
748.0	703.0	10781.7750	0.0091
672.0	699.0	10783.3158	0.0083
777.0	690.0	10278.8482	0.2606
827.0	749.0	10268.7112	0.2656
635.0	874.0	10722.8965	0.0386
600.0	888.0	10433.2190	0.1834
689.0	880.0	10782.4250	0.0088
696.0	979.0	10782.8679	0.0086
732.0	852.0	10594.0972	0.1030
664.0	816.0	10784.2165	0.0079
629.0	889.0	10783.1185	0.0084
672.0	967.0	10786.9493	0.0065
765.0	924.0	10611.7799	0.0941
629.0	983.0	10782.2187	0.0089
819.0	845.0	10736.2781	0.0319
784.0	935.0	10759.7901	0.0201
712.0	851.0	10701.2051	0.0494
706.0	996.0	10782.6360	0.0087
641.0	953.0	10748.0081	0.0260
689.0	875.0	10783.6604	0.0082
623.0	954.0	10718.7626	0.0406
620.0	811.0	10172.2368	0.3139
730.0	925.0	10718.6448	0.0407
732.0	861.0	10781.4632	0.0093
874.0	109.0	10788.4314	0.0058
941.0	67.0	10784.6124	0.0077
903.0	156.0	10790.9089	0.0045
910.0	88.0	10783.1370	0.0084
828.0	122.0	10547.8810	0.1261
976.0	33.0	10784.4937	0.0078
951.0	33.0	10781.9023	0.0090
937.0	141.0	10787.9145	0.0060
916.0	98.0	10786.4973	0.0068
877.0	53.0	10513.9202	0.1430
831.0	89.0	10753.6805	0.0232
914.0	68.0	10764.4487	0.0178
885.0	97.0	10785.9791	0.0070
800.0	44.0	10513.6270	0.1432
940.0	49.0	10785.1208	0.0074
886.0	154.0	10784.7163	0.0076
952.0	50.0	10783.2408	0.0084
885.0	163.0	10720.7354	0.0396
907.0	40.0	10790.3382	0.0048
873.0	102.0	10788.6249	0.0057
898.0	296.0	10784.4356	0.0078
917.0	259.0	10785.4730	0.0073
896.0	315.0	10717.5702	0.0412
894.0	266.0	10781.7595	0.0091
859.0	287.0	10760.1490	0.0199
854.0	373.0	10543.8004	0.1281
866.0	290.0	10785.8799	0.0071
915.0	381.0	10780.9515	0.0095
965.0	295.0	10783.4985	0.0083
844.0	340.0	10724.6673	0.0377
894.0	303.0	10784.4093	0.0078
916.0	340.0	10783.7496	0.0081
921.0	319.0	10781.1258	0.0094
828.0	297.0	10676.5175	0.0617
899.0	314.0	10782.9383	0.0085
932.0	361.0	10781.8556	0.0091
820.0	271.0	10782.4879	0.0088
953.0	307.0	10786.3999	0.0068
868.0	358.0	10791.1312	0.0044
912.0	299.0	10782.3642	0.0088
850.0	439.0	10786.6751	0.0067
872.0	447.0	10747.4759	0.0263
848.0	440.0	10787.6461	0.0062
908.0	476.0	10620.4446	0.0898
975.0	507.0	10784.1160	0.0079
860.0	450.0	10756.8439	0.0216
956.0	530.0	10783.9750	0.0080
840.0	456.0	10462.1486	0.1689
858.0	551.0	10790.2677	0.0049
887.0	528.0	10791.4299	0.0043
967.0	493.0	10784.8104	0.0076
864.0	522.0	10626.5255	0.0867
892.0	554.0	10764.4960	0.0178
825.0	437.0	10785.6025	0.0072
948.0	598.0	10784.8114	0.0076
969.0	441.0	10783.8477	0.0081
932.0	470.0	10784.2087	0.0079
948.0	495.0	10788.3055	0.0058
917.0	572.0	10782.2273	0.0089
815.0	439.0	10547.4541	0.1263
859.0	753.0	10781.7968	0.0091
881.0	694.0	10723.0802	0.0385
835.0	680.0	10720.5814	0.0397
838.0	763.0	10783.2850	0.0084
973.0	642.0	10786.0224	0.0070
923.0	673.0	10754.3863	0.0228
868.0	692.0	10788.2883	0.0059
865.0	680.0	10787.1763	0.0064
933.0	752.0	10781.8042	0.0091
864.0	677.0	10620.5303	0.0897
871.0	679.0	10787.3015	0.0063
721.0	654.0	10180.3639	0.3098
911.0	722.0	10786.9985	0.0065
942.0	751.0	10786.2896	0.0069
927.0	689.0	10785.5286	0.0072
940.0	693.0	10781.1132	0.0094
952.0	725.0	10781.7807	0.0091
916.0	707.0	10786.8531	0.0066
902.0	711.0	10750.0072	0.0250
817.0	690.0	10344.0933	0.2280
940.0	890.0	10680.5113	0.0597
922.0	915.0	10784.4684	0.0078
906.0	822.0	10614.4351	0.0928
821.0	805.0	10699.0592	0.0505
874.0	953.0	10786.9098	0.0065
969.0	899.0	10790.0510	0.0050
888.0	880.0	10782.1148	0.0089
886.0	895.0	10748.2626	0.0259
923.0	964.0	10782.0139	0.0090
976.0	936.0	10787.1128	0.0064
998.0	890.0	10785.7477	0.0071
862.0	887.0	10786.8049	0.0066
830.0	918.0	10753.9544	0.0230
888.0	855.0	10721.9023	0.0390
908.0	965.0	10781.8592	0.0091
843.0	944.0	10786.9858	0.0065
880.0	934.0	10781.4598	0.0093
865.0	793.0	10483.5350	0.1582
891.0	976.0	10783.7510	0.0081
841.0	922.0	10716.6991	0.0417
