500.0 500.0
137.0	79.0	10786.8679	0.0066
117.0	149.0	10789.8056	0.0051
110.0	72.0	10748.4002	0.0258
38.0	64.0	10782.1832	0.0089
70.0	157.0	10790.3047	0.0048
128.0	51.0	10781.8552	0.0091
222.0	156.0	10543.6636	0.1282
138.0	142.0	10782.7697	0.0086
1.0	40.0	10788.2189	0.0059
91.0	180.0	10577.7823	0.1111
119.0	117.0	10782.0450	0.0090
170.0	20.0	10782.7410	0.0086
180.0	64.0	10782.3345	0.0088
142.0	105.0	10786.9308	0.0065
186.0	55.0	10782.5084	0.0087
104.0	5.0	10785.0267	0.0075
188.0	88.0	10717.5646	0.0412
48.0	138.0	10732.9650	0.0335
18.0	89.0	10760.6071	0.0197
97.0	112.0	10751.8338	0.0241
152.0	268.0	10682.6753	0.0587
124.0	296.0	10781.5995	0.0092
85.0	312.0	10750.7198	0.0246
77.0	259.0	10783.4699	0.0083
62.0	237.0	10523.7200	0.1381
168.0	263.0	10716.9146	0.0415
148.0	273.0	10714.4247	0.0428
140.0	377.0	10690.4725	0.0548
106.0	290.0	10783.3047	0.0083
87.0	283.0	10784.0484	0.0080
122.0	258.0	10783.1933	0.0084
71.0	318.0	10785.8934	0.0071
160.0	243.0	10783.4575	0.0083
92.0	372.0	10759.6672	0.0202
103.0	301.0	10782.3748	0.0088
197.0	269.0	10389.2711	0.2054
136.0	255.0	10520.8235	0.1396
92.0	344.0	10786.4705	0.0068
91.0	294.0	10784.9648	0.0075
25.0	272.0	10783.8024	0.0081
171.0	518.0	10530.9681	0.1345
144.0	563.0	10786.4353	0.0068
170.0	530.0	10786.5110	0.0067
30.0	518.0	10787.6540	0.0062
154.0	564.0	10703.1542	0.0484
71.0	454.0	10781.0248	0.0095
122.0	475.0	10755.3960	0.0223
77.0	433.0	10785.9024	0.0070
21.0	460.0	10782.9600	0.0085
95.0	574.0	10727.3196	0.0363
109.0	452.0	10786.9000	0.0065
143.0	530.0	10765.4098	0.0173
72.0	537.0	10783.8560	0.0081
169.0	460.0	10692.4510	0.0538
84.0	454.0	10783.6828	0.0082
80.0	507.0	10751.5338	0.0242
91.0	450.0	10744.3528	0.0278
52.0	575.0	10789.2318	0.0054
163.0	441.0	10654.0419	0.0730
145.0	484.0	10677.1210	0.0614
152.0	642.0	10669.9483	0.0650
99.0	690.0	10783.8716	0.0081
180.0	679.0	10496.8905	0.1516
60.0	731.0	10781.9445	0.0090
30.0	722.0	10780.7400	0.0096
115.0	695.0	10785.2855	0.0074
189.0	600.0	10470.5884	0.1647
82.0	660.0	10783.6007	0.0082
72.0	748.0	10782.4040	0.0088
76.0	650.0	10782.7427	0.0086
105.0	697.0	10747.4928	0.0263
172.0	678.0	10754.6320	0.0227
98.0	744.0	10781.5659	0.0092
126.0	691.0	10700.9730	0.0495
142.0	682.0	10789.9849	0.0050
169.0	721.0	10759.0133	0.0205
83.0	659.0	10783.5984	0.0082
85.0	746.0	10784.5869	0.0077
84.0	676.0	10782.2346	0.0089
55.0	640.0	10782.9086	0.0085
167.0	944.0	10755.8906	0.0221
103.0	974.0	10783.3267	0.0083
181.0	887.0	10153.2941	0.3234
44.0	936.0	10783.7752	0.0081
121.0	910.0	10785.6492	0.0072
84.0	875.0	10755.4688	0.0223
108.0	847.0	10786.4457	0.0068
91.0	829.0	10753.1463	0.0234
94.0	923.0	10787.5007	0.0062
28.0	879.0	10786.6959	0.0067
110.0	893.0	10625.3903	0.0873
37.0	908.0	10783.8735	0.0081
138.0	901.0	10788.2771	0.0059
120.0	905.0	10785.2747	0.0074
17.0	822.0	10782.6969	0.0087
142.0	896.0	10603.8785	0.0981
44.0	910.0	10783.4106	0.0083
101.0	940.0	10785.9026	0.0070
91.0	890.0	10787.6586	0.0062
71.0	896.0	10784.0147	0.0080
327.0	91.0	10790.8416	0.0046
236.0	109.0	10785.7435	0.0071
345.0	25.0	10784.0599	0.0080
313.0	90.0	10762.5486	0.0187
267.0	64.0	10785.1635	0.0074
257.0	39.0	10782.3054	0.0088
251.0	54.0	10783.3918	0.0083
317.0	105.0	10764.8946	0.0176
259.0	144.0	10784.3743	0.0078
301.0	46.0	10781.1134	0.0094
403.0	187.0	10786.8626	0.0066
194.0	92.0	10590.6466	0.1047
342.0	117.0	10590.5919	0.1047
254.0	128.0	10756.6438	0.0217
345.0	108.0	10748.0503	0.0260
412.0	52.0	10730.8510	0.0346
221.0	175.0	10242.1424	0.2789
325.0	68.0	10786.9885	0.0065
231.0	261.0	10759.8467	0.0201
230.0	118.0	10726.4496	0.0368
348.0	328.0	9926.8822	0.4366
267.0	301.0	10341.7994	0.2291
225.0	348.0	10782.5285	0.0087
305.0	262.0	10782.7891	0.0086
324.0	245.0	10783.2502	0.0084
335.0	238.0	10783.0467	0.0085
276.0	216.0	10177.1255	0.3114
329.0	389.0	10719.8955	0.0401
326.0	404.0	9066.5931	0.8667
257.0	347.0	10484.4757	0.1578
241.0	314.0	10784.2494	0.0079
272.0	287.0	10783.4766	0.0083
330.0	259.0	10134.0348	0.3330
299.0	355.0	9857.5480	0.4712
212.0	315.0	10490.0009	0.1550
312.0	290.0	10787.2754	0.0064
309.0	329.0	10782.6249	0.0087
306.0	306.0	10760.9833	0.0195
330.0	318.0	10751.1432	0.0244
243.0	393.0	10785.7971	0.0071
348.0	519.0	9144.6741	0.8277
338.0	505.0	10789.9687	0.0050
333.0	457.0	8941.3597	0.9293
336.0	563.0	10788.7570	0.0056
286.0	440.0	10719.0995	0.0405
222.0	440.0	10786.4652	0.0068
230.0	451.0	10782.8885	0.0086
231.0	464.0	10500.1716	0.1499
235.0	345.0	10784.6611	0.0077
334.0	497.0	10788.8498	0.0056
457.0	524.0	10788.3576	0.0058
320.0	455.0	10784.5644	0.0077
312.0	531.0	10782.3286	0.0088
375.0	491.0	6138.2564	1.0012
291.0	493.0	10086.6533	0.3567
224.0	513.0	10436.0752	0.1820
338.0	495.0	10713.4675	0.0433
303.0	534.0	10787.9940	0.0060
307.0	508.0	10783.5841	0.0082
296.0	564.0	9675.3546	0.5623
273.0	617.0	10785.6586	0.0072
275.0	639.0	10746.9632	0.0265
278.0	735.0	10786.7851	0.0066
282.0	648.0	10791.3454	0.0043
304.0	728.0	9785.5530	0.5072
256.0	703.0	10783.5826	0.0082
376.0	664.0	9480.6006	0.6597
338.0	722.0	10784.1895	0.0079
355.0	732.0	10784.5402	0.0077
302.0	683.0	9422.0480	0.6890
247.0	630.0	10788.3761	0.0058
297.0	633.0	10180.9188	0.3095
444.0	783.0	10610.1951	0.0949
271.0	673.0	10786.9905	0.0065
254.0	618.0	10438.3686	0.1808
261.0	647.0	10789.7686	0.0051
254.0	823.0	10184.5560	0.3077
301.0	707.0	10783.9263	0.0080
289.0	736.0	10758.8461	0.0206
235.0	673.0	10354.5905	0.2227
277.0	894.0	10783.9765	0.0080
182.0	811.0	10136.5235	0.3317
344.0	870.0	10586.2224	0.1069
289.0	846.0	10733.7010	0.0331
275.0	874.0	10781.1453	0.0094
306.0	804.0	9592.4118	0.6038
275.0	918.0	10783.1429	0.0084
302.0	936.0	10782.2080	0.0089
330.0	902.0	10790.8193	0.0046
344.0	979.0	10787.9093	0.0060
292.0	872.0	10784.4451	0.0078
310.0	917.0	10787.1514	0.0064
308.0	810.0	10782.9642	0.0085
286.0	887.0	10786.0168	0.0070
430.0	887.0	10715.0551	0.0425
283.0	865.0	10755.4900	0.0223
267.0	901.0	10786.2835	0.0069
316.0	907.0	10788.5552	0.0057
286.0	941.0	10783.5205	0.0082
372.0	936.0	10749.9273	0.0250
509.0	24.0	10784.2695	0.0079
517.0	139.0	10786.9236	0.0065
485.0	85.0	10683.2151	0.0584
479.0	39.0	10789.8156	0.0051
493.0	185.0	9884.4627	0.4578
450.0	156.0	10223.5788	0.2882
533.0	177.0	10722.3214	0.0388
434.0	0.0	10787.5215	0.0062
528.0	122.0	10747.7726	0.0261
513.0	149.0	10762.4796	0.0188
413.0	108.0	10698.0719	0.0510
567.0	136.0	10787.9310	0.0060
569.0	55.0	10780.8323	0.0096
534.0	103.0	10784.6198	0.0077
510.0	140.0	10788.2098	0.0059
477.0	43.0	10789.5668	0.0052
407.0	84.0	10782.2504	0.0089
530.0	78.0	10783.3480	0.0083
496.0	135.0	10788.7966	0.0056
397.0	160.0	10498.3010	0.1508
468.0	367.0	10782.8294	0.0086
525.0	251.0	10693.5726	0.0532
514.0	298.0	9373.5186	0.7132
475.0	326.0	9833.3212	0.4833
524.0	392.0	9330.8715	0.7346
515.0	267.0	10783.9107	0.0080
566.0	267.0	10784.3958	0.0078
500.0	230.0	10784.6808	0.0077
606.0	293.0	9662.3820	0.5688
496.0	237.0	10785.2747	0.0074
504.0	255.0	9809.7358	0.4951
566.0	295.0	9576.7898	0.6116
581.0	260.0	9504.7121	0.6476
489.0	378.0	10786.5491	0.0067
559.0	240.0	10784.0841	0.0080
462.0	330.0	10749.7832	0.0251
477.0	390.0	9869.7974	0.4651
524.0	321.0	9203.9002	0.7980
441.0	268.0	10786.0354	0.0070
491.0	319.0	10782.8018	0.0086
520.0	503.0	10791.9730	0.0040
465.0	483.0	10789.6297	0.0052
557.0	473.0	10784.9529	0.0075
542.0	480.0	10788.3084	0.0058
490.0	436.0	6250.1052	1.2846
498.0	526.0	9318.1446	0.7409
439.0	534.0	6141.1892	1.1567
506.0	434.0	10784.2966	0.0079
497.0	502.0	10791.9993	0.0040
477.0	585.0	10786.6527	0.0067
473.0	409.0	10722.3120	0.0388
475.0	510.0	10790.9545	0.0045
481.0	559.0	10600.1263	0.0999
490.0	371.0	9460.0096	0.6700
502.0	547.0	6038.1580	1.2237
548.0	509.0	10788.3908	0.0058
475.0	584.0	9068.5845	0.8657
539.0	444.0	10785.2055	0.0074
473.0	479.0	10713.0899	0.0435
479.0	496.0	10792.0546	0.0040
431.0	639.0	9097.1981	0.8514
488.0	659.0	10715.3075	0.0423
596.0	712.0	10715.0336	0.0425
527.0	560.0	10784.7751	0.0076
440.0	612.0	10783.3735	0.0083
552.0	780.0	10196.9155	0.3015
468.0	716.0	10785.9886	0.0070
494.0	721.0	10785.6854	0.0072
487.0	691.0	10695.6858	0.0522
542.0	668.0	10677.8418	0.0611
454.0	702.0	10784.5752	0.0077
499.0	630.0	10652.6181	0.0737
555.0	643.0	6366.7634	1.2633
456.0	739.0	10786.5446	0.0067
468.0	708.0	10576.9148	0.1115
522.0	659.0	10786.9653	0.0065
544.0	716.0	10122.4232	0.3388
475.0	757.0	10784.5720	0.0077
495.0	609.0	6431.0526	1.1369
453.0	750.0	10785.3518	0.0073
561.0	920.0	10781.7908	0.0091
504.0	901.0	10781.5877	0.0092
502.0	868.0	10714.3223	0.0428
494.0	900.0	10784.4031	0.0078
533.0	830.0	10697.7200	0.0511
522.0	847.0	10783.2945	0.0084
451.0	879.0	10754.2947	0.0229
541.0	830.0	10787.5930	0.0062
450.0	867.0	10785.4432	0.0073
444.0	868.0	10785.0325	0.0075
434.0	949.0	10784.3905	0.0078
510.0	915.0	10781.3263	0.0093
585.0	843.0	10784.5107	0.0077
493.0	859.0	10782.8675	0.0086
563.0	824.0	10651.5258	0.0742
480.0	888.0	10782.1232	0.0089
496.0	872.0	10786.2715	0.0069
494.0	841.0	10646.9843	0.0765
519.0	941.0	10782.0768	0.0090
503.0	835.0	10619.5938	0.0902
643.0	130.0	10714.6820	0.0427
773.0	54.0	10712.2121	0.0439
634.0	161.0	10708.2746	0.0459
731.0	81.0	10785.9396	0.0070
721.0	112.0	10785.2769	0.0074
635.0	202.0	9518.1302	0.6409
668.0	60.0	10781.6444	0.0092
730.0	146.0	10763.7994	0.0181
695.0	157.0	10293.0775	0.2535
712.0	39.0	10782.0549	0.0090
745.0	99.0	10322.2501	0.2389
687.0	151.0	10783.5532	0.0082
691.0	71.0	10781.9675	0.0090
714.0	131.0	10787.8954	0.0061
690.0	108.0	10782.4442	0.0088
696.0	172.0	10500.1313	0.1499
730.0	144.0	10788.4241	0.0058
746.0	129.0	10691.2081	0.0544
692.0	116.0	10750.2087	0.0249
664.0	150.0	10785.9520	0.0070
659.0	294.0	10787.0666	0.0065
648.0	319.0	10759.1178	0.0204
682.0	420.0	10784.1971	0.0079
661.0	323.0	10109.6403	0.3452
743.0	386.0	10782.5201	0.0087
729.0	287.0	10100.4771	0.3498
676.0	286.0	10590.8557	0.1046
803.0	296.0	10146.9174	0.3265
679.0	221.0	10760.0669	0.0200
678.0	337.0	10791.3917	0.0043
756.0	227.0	10782.1051	0.0089
712.0	264.0	10783.4213	0.0083
759.0	274.0	10787.5827	0.0062
802.0	218.0	10660.9979	0.0695
722.0	294.0	10781.8388	0.0091
650.0	329.0	10555.6731	0.1222
747.0	251.0	10609.6601	0.0952
775.0	260.0	10783.1345	0.0084
722.0	310.0	10684.9716	0.0575
765.0	285.0	10788.5199	0.0057
750.0	475.0	10781.0811	0.0095
839.0	449.0	10730.3698	0.0348
733.0	574.0	10785.1164	0.0074
671.0	400.0	10717.2103	0.0414
689.0	551.0	10782.1547	0.0089
615.0	562.0	9609.2534	0.5954
801.0	493.0	10100.0695	0.3500
690.0	625.0	10642.0047	0.0790
737.0	516.0	10035.5615	0.3822
555.0	464.0	10784.5644	0.0077
748.0	473.0	10784.2486	0.0079
717.0	571.0	10787.9995	0.0060
675.0	485.0	10626.9825	0.0865
671.0	550.0	9853.2371	0.4734
737.0	430.0	10783.8776	0.0081
664.0	583.0	10787.7665	0.0061
688.0	564.0	10783.2192	0.0084
696.0	567.0	10784.8795	0.0076
711.0	420.0	10782.7876	0.0086
722.0	442.0	10785.4347	0.0073
771.0	742.0	10781.7385	0.0091
749.0	750.0	10781.9786	0.0090
667.0	746.0	10780.6964	0.0097
646.0	673.0	10022.9590	0.3885
730.0	718.0	10784.0010	0.0080
614.0	677.0	9495.5812	0.6522
678.0	782.0	10709.5935	0.0452
715.0	685.0	10107.1469	0.3464
725.0	716.0	10782.8294	0.0086
593.0	632.0	8844.5674	0.9777
715.0	687.0	10783.8298	0.0081
669.0	664.0	10757.5459	0.0212
699.0	577.0	10785.7197	0.0071
660.0	759.0	10780.1484	0.0099
721.0	641.0	10786.4541	0.0068
639.0	602.0	10557.6820	0.1212
713.0	695.0	10782.0486	0.0090
755.0	656.0	10653.9475	0.0730
662.0	660.0	10752.1170	0.0239
659.0	743.0	9482.2408	0.6589
754.0	926.0	10782.5979	0.0087
760.0	891.0	10783.3005	0.0083
758.0	836.0	10274.2542	0.2629
801.0	889.0	10344.2412	0.2279
692.0	882.0	10782.9882	0.0085
746.0	953.0	10787.7304	0.0061
742.0	900.0	10681.2067	0.0594
726.0	920.0	10786.2735	0.0069
707.0	869.0	10330.2993	0.2349
659.0	970.0	10783.7962	0.0081
680.0	899.0	10762.0978	0.0190
708.0	971.0	10782.4512	0.0088
688.0	800.0	9804.6082	0.4977
563.0	873.0	10788.3952	0.0058
665.0	899.0	10758.9354	0.0205
732.0	966.0	10785.2865	0.0074
736.0	819.0	10722.9792	0.0385
737.0	929.0	10784.8000	0.0076
719.0	923.0	10787.7166	0.0061
696.0	877.0	10781.3119	0.0093
844.0	91.0	10491.4015	0.1543
848.0	206.0	10787.9774	0.0060
907.0	7.0	10784.3253	0.0078
945.0	66.0	10787.4300	0.0063
854.0	72.0	10786.2654	0.0069
923.0	79.0	10748.7643	0.0256
886.0	42.0	10784.7494	0.0076
797.0	52.0	10375.9571	0.2120
952.0	47.0	10782.8570	0.0086
849.0	37.0	10746.6983	0.0267
856.0	85.0	10784.2286	0.0079
962.0	92.0	10786.5607	0.0067
975.0	54.0	10784.0025	0.0080
964.0	178.0	10783.1546	0.0084
901.0	104.0	10701.4107	0.0493
847.0	126.0	10787.7884	0.0061
935.0	0.0	10782.0572	0.0090
897.0	209.0	10749.6496	0.0252
910.0	84.0	10754.3673	0.0228
870.0	97.0	10791.2492	0.0044
928.0	349.0	10785.9070	0.0070
859.0	233.0	10786.5433	0.0067
941.0	267.0	10781.7234	0.0091
922.0	368.0	10751.3360	0.0243
945.0	341.0	10782.8398	0.0086
864.0	276.0	10630.4933	0.0848
869.0	327.0	10616.7169	0.0916
855.0	309.0	10642.4880	0.0788
837.0	175.0	10757.4634	0.0213
899.0	307.0	10760.5813	0.0197
940.0	212.0	10786.3581	0.0068
875.0	265.0	10781.7668	0.0091
972.0	294.0	10782.5733	0.0087
897.0	249.0	10750.6498	0.0247
925.0	360.0	10785.0186	0.0075
919.0	333.0	10784.3700	0.0078
941.0	286.0	10782.7506	0.0086
932.0	238.0	10781.8928	0.0091
983.0	356.0	10785.4969	0.0073
911.0	429.0	10783.4890	0.0083
859.0	463.0	10784.9553	0.0075
916.0	494.0	10753.9436	0.0230
918.0	524.0	10786.2276	0.0069
916.0	546.0	10786.4707	0.0068
870.0	552.0	10786.2516	0.0069
919.0	494.0	10783.1600	0.0084
934.0	570.0	10783.1126	0.0084
874.0	546.0	10786.0782	0.0070
861.0	549.0	10641.7874	0.0791
857.0	453.0	10662.4065	0.0688
890.0	552.0	10781.0086	0.0095
906.0	512.0	10783.3415	0.0083
987.0	519.0	10784.0863	0.0080
887.0	482.0	10787.4545	0.0063
900.0	452.0	10786.8352	0.0066
896.0	515.0	10784.9098	0.0075
911.0	537.0	10788.5952	0.0057
887.0	569.0	10789.7923	0.0051
832.0	501.0	10482.5739	0.1587
919.0	501.0	10782.7429	0.0086
864.0	682.0	10785.7112	0.0071
836.0	812.0	10750.0497	0.0250
877.0	807.0	10786.5123	0.0067
809.0	662.0	10700.0527	0.0500
915.0	687.0	10784.2647	0.0079
947.0	717.0	10787.0112	0.0065
994.0	694.0	10782.6288	0.0087
779.0	699.0	10226.3675	0.2868
919.0	718.0	10782.4651	0.0088
905.0	713.0	10786.4038	0.0068
916.0	680.0	10691.1041	0.0544
894.0	736.0	10785.5843	0.0072
953.0	705.0	10790.1524	0.0049
934.0	682.0	10781.1515	0.0094
848.0	693.0	10337.7429	0.2311
864.0	744.0	10760.1919	0.0199
910.0	698.0	10785.3129	0.0073
829.0	740.0	10724.2086	0.0379
862.0	649.0	10757.8780	0.0211
911.0	741.0	10710.4263	0.0448
912.0	926.0	10785.6759	0.0072
930.0	878.0	10786.3964	0.0068
931.0	809.0	10749.7188	0.0251
918.0	877.0	10782.6739	0.0087
918.0	903.0	10784.2022	0.0079
918.0	895.0	10782.9430	0.0085
844.0	942.0	10784.2768	0.0079
885.0	870.0	10781.6995	0.0092
919.0	961.0	10784.4912	0.0078
878.0	907.0	10646.6562	0.0767
765.0	904.0	10783.6603	0.0082
840.0	863.0	10705.9471	0.0470
971.0	878.0	10781.4134	0.0093
907.0	895.0	10782.6325	0.0087
850.0	918.0	10697.5729	0.0512
815.0	904.0	10750.9912	0.0245
915.0	840.0	10781.7074	0.0091
945.0	880.0	10783.2834	0.0084
934.0	961.0	10782.7589	0.0086
871.0	945.0	10783.9394	0.0080
