250.0 250.0
17.0 23.0 0.0027 10791.9087
56.0 19.0 0.0033 10790.1074
85.0 12.0 0.0031 10790.6099
120.0 16.0 0.0037 10788.9505
140.0 13.0 0.0037 10789.0414
188.0 11.0 0.0031 10790.5989
224.0 12.0 0.0028 10791.5136
257.0 11.0 0.0033 10790.2090
280.0 24.0 0.0039 10788.2036
306.0 24.0 0.0038 10788.7072
359.0 22.0 0.0030 10790.9213
388.0 23.0 0.0034 10789.7641
407.0 9.0 0.0036 10789.2220
458.0 17.0 0.0037 10789.0360
484.0 8.0 0.0039 10788.1710
21.0 43.0 0.0036 10789.3041
56.0 54.0 0.0037 10788.8650
78.0 42.0 0.0040 10788.0969
119.0 59.0 0.0035 10789.3556
154.0 45.0 0.0032 10790.4450
180.0 53.0 0.0034 10789.8934
222.0 41.0 0.0036 10789.1846
246.0 51.0 0.0034 10789.9176
283.0 47.0 0.0038 10788.5229
308.0 43.0 0.0025 10792.3609
341.0 50.0 0.0030 10791.1002
381.0 44.0 0.0047 10785.8910
424.0 50.0 0.0033 10790.1655
458.0 54.0 0.0034 10789.6811
477.0 53.0 0.0028 10791.4711
18.0 74.0 0.0035 10789.4974
55.0 84.0 0.0093 10772.1902
83.0 90.0 0.0036 10789.1986
115.0 73.0 0.0166 10750.2841
159.0 88.0 0.0112 10766.3046
177.0 91.0 0.0164 10750.8147
210.0 75.0 0.0034 10789.7287
248.0 80.0 0.0088 10773.6623
273.0 91.0 0.0081 10775.6136
323.0 77.0 0.0035 10789.4791
340.0 86.0 0.0165 10750.5117
392.0 88.0 0.0220 10733.9036
408.0 74.0 0.0185 10744.6278
446.0 84.0 0.0092 10772.4518
478.0 79.0 0.0037 10788.9061
8.0 117.0 0.0042 10787.5281
41.0 126.0 0.0028 10791.4816
74.0 119.0 0.0033 10790.2302
112.0 122.0 0.0167 10750.0395
141.0 125.0 0.0041 10787.8334
191.0 112.0 0.0151 10754.6665
210.0 122.0 0.0215 10735.5913
246.0 110.0 0.0031 10790.5790
273.0 126.0 0.0172 10748.4123
309.0 108.0 0.0293 10712.1643
353.0 126.0 0.0097 10770.8008
389.0 120.0 0.0253 10723.9645
406.0 117.0 0.0097 10770.8992
451.0 123.0 0.0040 10788.0024
488.0 120.0 0.0029 10791.3678
20.0 158.0 0.0037 10788.9349
49.0 142.0 0.0032 10790.5211
89.0 148.0 0.0108 10767.4580
107.0 144.0 0.0250 10725.1086
145.0 150.0 0.0665 10600.3905
185.0 152.0 0.0253 10723.9855
209.0 141.0 0.0043 10787.1725
254.0 151.0 0.0264 10720.8953
284.0 145.0 0.0299 10710.3061
321.0 155.0 0.0028 10791.6108
350.0 141.0 0.0514 10645.7213
377.0 144.0 0.0029 10791.4066
424.0 145.0 0.0245 10726.4130
443.0 147.0 0.0028 10791.5715
486.0 149.0 0.0037 10789.0015
10.0 177.0 0.0036 10789.2707
43.0 185.0 0.0036 10789.2559
84.0 175.0 0.0033 10790.0824
112.0 189.0 0.0104 10768.7519
147.0 188.0 0.0029 10791.3260
192.0 175.0 0.0198 10740.4568
223.0 182.0 0.0260 10722.0120
247.0 183.0 0.0322 10703.2608
284.0 185.0 0.0858 10542.5841
322.0 178.0 0.0524 10642.8782
346.0 188.0 0.0325 10702.4142
392.0 189.0 0.0156 10753.0535
414.0 186.0 0.0143 10757.0245
459.0 183.0 0.0038 10788.5147
484.0 177.0 0.0029 10791.2566
7.0 215.0 0.0031 10790.7219
57.0 217.0 0.0028 10791.6490
82.0 207.0 0.0445 10666.5796
124.0 207.0 0.0093 10771.9694
159.0 206.0 0.0102 10769.3372
193.0 225.0 0.0702 10589.5061
214.0 221.0 0.0229 10731.2151
243.0 219.0 0.1851 10244.7914
280.0 208.0 0.0386 10684.3295
324.0 220.0 0.0285 10714.3761
355.0 211.0 0.0231 10730.5546
387.0 224.0 0.0158 10752.5063
425.0 224.0 0.0039 10788.4189
452.0 213.0 0.0033 10790.1002
487.0 216.0 0.0031 10790.6499
23.0 241.0 0.0029 10791.1725
44.0 241.0 0.0035 10789.5721
73.0 258.0 0.0095 10771.6305
118.0 247.0 0.0209 10737.2744
141.0 256.0 0.0032 10790.4172
188.0 246.0 0.0656 10603.2225
212.0 251.0 0.0607 10617.9260
255.0 257.0 0.0880 10536.0753
281.0 250.0 0.1245 10426.5845
317.0 246.0 0.0843 10547.2330
342.0 246.0 0.0316 10705.3074
379.0 245.0 0.0184 10744.8932
420.0 246.0 0.0100 10769.9847
457.0 243.0 0.0029 10791.3514
475.0 240.0 0.0041 10787.5858
14.0 274.0 0.0023 10793.0453
45.0 280.0 0.0033 10790.0892
75.0 291.0 0.0030 10791.0297
117.0 292.0 0.0308 10707.5719
152.0 283.0 0.0364 10690.6605
183.0 288.0 0.0352 10694.2584
219.0 284.0 0.0025 10792.3990
250.0 284.0 0.1130 10460.8735
284.0 277.0 0.0267 10719.9397
309.0 289.0 0.0556 10633.1024
358.0 281.0 0.0039 10788.3478
392.0 279.0 0.0104 10768.8874
425.0 280.0 0.0039 10788.2495
454.0 284.0 0.0033 10790.0889
478.0 291.0 0.0041 10787.6606
17.0 323.0 0.0031 10790.7272
54.0 318.0 0.0027 10791.8596
92.0 326.0 0.0149 10755.2672
112.0 314.0 0.0098 10770.5091
154.0 314.0 0.0177 10746.9756
173.0 322.0 0.0170 10748.8634
220.0 325.0 0.0097 10770.9526
256.0 321.0 0.1037 10488.8108
285.0 317.0 0.0089 10773.2034
322.0 321.0 0.0430 10671.0743
352.0 315.0 0.0156 10753.2333
390.0 307.0 0.0034 10789.7314
409.0 320.0 0.0176 10747.1971
447.0 309.0 0.0033 10790.0632
492.0 324.0 0.0041 10787.6664
10.0 351.0 0.0036 10789.2317
45.0 352.0 0.0033 10790.1603
77.0 355.0 0.0111 10766.6950
124.0 358.0 0.0509 10647.2673
152.0 353.0 0.0148 10755.5008
192.0 342.0 0.0030 10790.8991
208.0 343.0 0.0940 10517.8838
247.0 346.0 0.0325 10702.6019
284.0 340.0 0.0582 10625.4313
317.0 344.0 0.0189 10743.2768
359.0 348.0 0.0339 10698.4478
375.0 340.0 0.0101 10769.5887
411.0 355.0 0.0089 10773.1768
454.0 349.0 0.0036 10789.1910
490.0 359.0 0.0035 10789.4767
26.0 389.0 0.0029 10791.4181
49.0 380.0 0.0033 10790.0908
85.0 376.0 0.0187 10744.0236
120.0 381.0 0.0095 10771.4393
150.0 392.0 0.0155 10753.5959
186.0 391.0 0.0032 10790.4972
208.0 392.0 0.0037 10788.7907
250.0 386.0 0.0196 10741.2797
291.0 382.0 0.0151 10754.7886
313.0 384.0 0.0096 10771.2160
350.0 375.0 0.0035 10789.6267
380.0 376.0 0.0161 10751.6086
418.0 384.0 0.0175 10747.3738
450.0 377.0 0.0036 10789.1094
484.0 382.0 0.0033 10790.0478
10.0 421.0 0.0037 10788.7668
56.0 424.0 0.0031 10790.5873
76.0 422.0 0.0037 10788.8736
120.0 418.0 0.0088 10773.5327
154.0 425.0 0.0031 10790.5864
179.0 426.0 0.0037 10788.7643
220.0 419.0 0.0103 10769.1602
254.0 419.0 0.0092 10772.4856
291.0 426.0 0.0034 10789.7951
311.0 415.0 0.0228 10731.7202
351.0 422.0 0.0037 10788.8861
386.0 410.0 0.0147 10755.8644
412.0 420.0 0.0103 10769.0343
440.0 423.0 0.0093 10772.0670
484.0 425.0 0.0030 10790.9497
24.0 448.0 0.0028 10791.6095
47.0 443.0 0.0034 10789.6792
87.0 456.0 0.0041 10787.7822
109.0 455.0 0.0030 10790.8836
150.0 446.0 0.0037 10788.8925
188.0 459.0 0.0034 10789.7829
223.0 459.0 0.0032 10790.4017
255.0 446.0 0.0024 10792.8930
283.0 458.0 0.0033 10790.1699
322.0 454.0 0.0031 10790.5936
345.0 452.0 0.0041 10787.8348
378.0 441.0 0.0034 10789.8212
409.0 454.0 0.0036 10789.2214
444.0 440.0 0.0029 10791.1807
483.0 442.0 0.0041 10787.7635
17.0 479.0 0.0041 10787.6815
47.0 488.0 0.0028 10791.4777
75.0 479.0 0.0032 10790.4576
111.0 476.0 0.0029 10791.3600
158.0 490.0 0.0037 10788.8864
190.0 492.0 0.0036 10789.3100
224.0 485.0 0.0036 10789.1275
241.0 478.0 0.0035 10789.4851
280.0 484.0 0.0030 10791.0891
324.0 480.0 0.0027 10791.7709
346.0 480.0 0.0031 10790.8458
375.0 478.0 0.0044 10786.7595
409.0 492.0 0.0037 10789.0213
459.0 489.0 0.0033 10790.1367
486.0 486.0 0.0031 10790.5556
168.0 210.0 0.0781 10565.5633
490.0 104.0 0.0031 10790.8172
387.0 302.0 0.0325 10702.5865
17.0 176.0 0.0030 10790.9141
233.0 396.0 0.0153 10754.1873
170.0 163.0 0.0161 10751.7528
192.0 107.0 0.0030 10791.1483
76.0 127.0 0.0097 10770.8432
149.0 410.0 0.0179 10746.4181
20.0 169.0 0.0030 10790.9054
207.0 161.0 0.0210 10737.0871
73.0 399.0 0.0084 10774.7695
423.0 4.0 0.0042 10787.3925
356.0 182.0 0.0153 10754.1816
310.0 425.0 0.0040 10787.8814
352.0 409.0 0.0034 10789.6754
211.0 384.0 0.0221 10733.6452
361.0 314.0 0.0098 10770.6015
79.0 101.0 0.0100 10769.9525
168.0 57.0 0.0032 10790.2857
446.0 36.0 0.0035 10789.4225
87.0 426.0 0.0159 10752.3910
373.0 153.0 0.0032 10790.4404
142.0 253.0 0.0032 10790.5318
357.0 387.0 0.0104 10768.9427
