250.0 250.0
19.0 17.0 0.0036 10789.2564
43.0 5.0 0.0038 10788.7280
72.0 16.0 0.0035 10789.4802
101.0 17.0 0.0038 10788.5641
122.0 22.0 0.0033 10790.1495
160.0 14.0 0.0038 10788.6557
181.0 21.0 0.0033 10790.2074
200.0 7.0 0.0030 10791.0248
235.0 11.0 0.0032 10790.4043
258.0 14.0 0.0042 10787.3909
294.0 5.0 0.0043 10787.1573
322.0 14.0 0.0034 10789.6661
355.0 17.0 0.0037 10788.8788
367.0 16.0 0.0041 10787.5761
398.0 13.0 0.0035 10789.4256
431.0 13.0 0.0032 10790.4384
465.0 21.0 0.0041 10787.6778
481.0 21.0 0.0037 10788.7938
8.0 44.0 0.0028 10791.5154
35.0 40.0 0.0036 10789.2561
76.0 42.0 0.0042 10787.5378
103.0 46.0 0.0043 10787.1452
117.0 44.0 0.0036 10789.0980
144.0 33.0 0.0038 10788.6296
174.0 41.0 0.0034 10789.8133
201.0 43.0 0.0037 10788.7714
233.0 35.0 0.0033 10790.1974
256.0 41.0 0.0035 10789.5983
288.0 38.0 0.0039 10788.2368
322.0 48.0 0.0031 10790.6861
349.0 34.0 0.0032 10790.2805
379.0 38.0 0.0031 10790.7107
394.0 48.0 0.0035 10789.4185
422.0 33.0 0.0032 10790.5435
464.0 42.0 0.0029 10791.3750
480.0 38.0 0.0039 10788.4450
12.0 62.0 0.0034 10789.6906
34.0 71.0 0.0041 10787.7947
72.0 75.0 0.0034 10789.8971
99.0 61.0 0.0102 10769.3248
126.0 77.0 0.0098 10770.7112
149.0 71.0 0.0035 10789.6286
179.0 71.0 0.0040 10787.9958
210.0 67.0 0.0039 10788.2608
242.0 68.0 0.0095 10771.3742
262.0 76.0 0.0158 10752.7023
295.0 66.0 0.0034 10789.7063
326.0 62.0 0.0040 10788.0932
339.0 72.0 0.0097 10770.9998
377.0 77.0 0.0089 10773.4214
410.0 62.0 0.0109 10767.3691
432.0 68.0 0.0036 10789.1694
457.0 74.0 0.0036 10789.3459
490.0 61.0 0.0036 10789.1268
12.0 100.0 0.0037 10788.9976
43.0 91.0 0.0033 10789.9785
65.0 92.0 0.0160 10751.9455
96.0 100.0 0.0091 10772.7789
132.0 89.0 0.0036 10789.2552
152.0 90.0 0.0244 10726.8180
178.0 99.0 0.0112 10766.5206
210.0 98.0 0.0102 10769.5153
242.0 104.0 0.0106 10768.3293
261.0 102.0 0.0114 10765.7635
295.0 94.0 0.0235 10729.4345
325.0 95.0 0.0312 10706.4599
345.0 100.0 0.0037 10788.9124
383.0 98.0 0.0173 10748.1512
410.0 91.0 0.0295 10711.4365
424.0 97.0 0.0041 10787.7894
460.0 95.0 0.0039 10788.3807
478.0 104.0 0.0030 10791.0586
11.0 128.0 0.0034 10789.8313
34.0 119.0 0.0029 10791.4015
71.0 117.0 0.0106 10768.3420
100.0 130.0 0.0100 10769.9631
124.0 131.0 0.0100 10769.9156
156.0 117.0 0.0446 10666.3386
185.0 122.0 0.0162 10751.3068
215.0 128.0 0.0093 10772.0659
239.0 127.0 0.0096 10771.3047
271.0 123.0 0.0104 10768.9239
288.0 116.0 0.0181 10745.7009
324.0 131.0 0.0154 10753.7653
350.0 128.0 0.0211 10736.7265
367.0 121.0 0.0111 10766.6966
410.0 124.0 0.0112 10766.3714
438.0 117.0 0.0043 10787.2193
459.0 123.0 0.0037 10788.7695
487.0 132.0 0.0036 10789.2230
18.0 156.0 0.0037 10788.9252
45.0 149.0 0.0039 10788.3296
72.0 159.0 0.0042 10787.4456
92.0 160.0 0.0230 10731.0690
131.0 150.0 0.0206 10738.3372
150.0 154.0 0.0393 10682.1170
182.0 149.0 0.0168 10749.5327
212.0 153.0 0.0379 10686.2028
243.0 148.0 0.0439 10668.4270
262.0 144.0 0.0043 10787.1303
289.0 152.0 0.0093 10772.0237
316.0 150.0 0.0413 10676.1675
351.0 149.0 0.0404 10678.7790
382.0 148.0 0.0113 10766.0276
395.0 151.0 0.0108 10767.7354
435.0 149.0 0.0038 10788.7332
452.0 158.0 0.0037 10788.9384
491.0 147.0 0.0029 10791.1568
16.0 178.0 0.0038 10788.6073
38.0 173.0 0.0039 10788.4433
71.0 178.0 0.0035 10789.5018
102.0 179.0 0.0104 10768.7215
131.0 173.0 0.0100 10769.9940
158.0 185.0 0.0384 10684.7706
177.0 179.0 0.0297 10710.7904
207.0 184.0 0.0619 10614.4229
236.0 181.0 0.0414 10675.6864
262.0 173.0 0.0286 10714.3457
299.0 179.0 0.0914 10525.9499
313.0 179.0 0.0242 10727.3274
339.0 179.0 0.0175 10747.5736
372.0 185.0 0.0185 10744.5328
408.0 182.0 0.0039 10788.3491
424.0 180.0 0.0184 10744.8058
461.0 179.0 0.0045 10786.4517
486.0 178.0 0.0038 10788.5932
17.0 214.0 0.0046 10786.0939
46.0 201.0 0.0041 10787.5786
70.0 214.0 0.0037 10788.7536
95.0 204.0 0.0105 10768.6406
124.0 216.0 0.0040 10788.0853
145.0 208.0 0.0087 10773.8389
186.0 205.0 0.0391 10682.6699
206.0 203.0 0.0703 10589.1904
240.0 200.0 0.0124 10762.8208
261.0 206.0 0.0582 10625.5279
299.0 204.0 0.0785 10564.5001
316.0 214.0 0.0156 10753.0535
341.0 213.0 0.0218 10734.5289
370.0 203.0 0.0104 10768.7061
405.0 206.0 0.0109 10767.1590
434.0 206.0 0.0037 10788.8946
453.0 216.0 0.0035 10789.3719
491.0 209.0 0.0033 10789.9671
10.0 234.0 0.0039 10788.3345
47.0 236.0 0.0036 10789.1789
61.0 240.0 0.0040 10788.0773
105.0 230.0 0.0186 10744.2712
128.0 236.0 0.0171 10748.5776
157.0 228.0 0.0104 10768.7884
174.0 237.0 0.0409 10677.3416
211.0 229.0 0.0834 10549.9077
244.0 232.0 0.1325 10402.5130
271.0 232.0 0.0533 10640.1131
295.0 241.0 0.0538 10638.5495
323.0 244.0 0.0560 10632.1176
338.0 233.0 0.0180 10745.9994
372.0 228.0 0.0227 10731.8565
407.0 228.0 0.0280 10715.8651
423.0 229.0 0.0037 10788.8362
456.0 232.0 0.0040 10788.1212
490.0 243.0 0.0032 10790.3573
14.0 260.0 0.0033 10790.0550
37.0 266.0 0.0041 10787.5524
75.0 268.0 0.0038 10788.6453
90.0 269.0 0.0254 10723.6562
124.0 257.0 0.0159 10752.1524
148.0 266.0 0.0237 10728.7901
184.0 264.0 0.0523 10643.0701
200.0 263.0 0.0297 10710.9071
238.0 271.0 0.0449 10665.1557
266.0 272.0 0.1098 10470.5878
295.0 260.0 0.0021 10793.6160
323.0 264.0 0.0277 10716.9259
352.0 271.0 0.0181 10745.8005
379.0 271.0 0.0116 10765.3171
409.0 266.0 0.0114 10765.6952
425.0 263.0 0.0099 10770.3639
456.0 259.0 0.0040 10788.0336
490.0 261.0 0.0039 10788.2655
5.0 288.0 0.0038 10788.5216
49.0 285.0 0.0031 10790.7815
75.0 298.0 0.0097 10770.8695
103.0 294.0 0.0104 10768.8994
129.0 289.0 0.0099 10770.3920
150.0 297.0 0.0306 10708.3333
173.0 288.0 0.0579 10626.1733
210.0 286.0 0.0139 10758.4427
232.0 290.0 0.1411 10376.5887
264.0 290.0 0.0982 10505.3955
298.0 283.0 0.0506 10648.3202
327.0 287.0 0.0166 10750.2252
339.0 299.0 0.0536 10639.1568
369.0 291.0 0.0106 10768.1499
402.0 299.0 0.0108 10767.6319
424.0 283.0 0.0037 10788.9668
462.0 289.0 0.0040 10788.0801
493.0 294.0 0.0038 10788.5164
6.0 319.0 0.0037 10788.7904
40.0 323.0 0.0038 10788.7299
71.0 312.0 0.0039 10788.3031
92.0 317.0 0.0168 10749.4587
126.0 327.0 0.0184 10744.7756
153.0 318.0 0.0227 10732.0487
186.0 323.0 0.0033 10789.9667
215.0 323.0 0.0599 10620.4153
241.0 326.0 0.0422 10673.5461
262.0 323.0 0.0954 10513.6612
285.0 323.0 0.0435 10669.4101
325.0 327.0 0.0167 10749.9596
346.0 318.0 0.0516 10645.1917
381.0 326.0 0.0100 10769.8963
405.0 324.0 0.0103 10769.1937
431.0 327.0 0.0036 10789.1707
454.0 318.0 0.0039 10788.4153
484.0 313.0 0.0038 10788.4614
6.0 347.0 0.0037 10788.7623
39.0 346.0 0.0045 10786.4561
62.0 347.0 0.0040 10788.0764
94.0 355.0 0.0233 10729.9640
132.0 348.0 0.0163 10751.1644
146.0 346.0 0.0110 10766.8630
173.0 350.0 0.0790 10562.8778
208.0 342.0 0.0099 10770.4097
231.0 355.0 0.0110 10767.0110
261.0 341.0 0.0095 10771.3775
297.0 339.0 0.0319 10704.3342
321.0 338.0 0.0036 10789.3028
347.0 350.0 0.0546 10636.1922
372.0 345.0 0.0112 10766.4261
409.0 348.0 0.0106 10768.1049
430.0 340.0 0.0178 10746.7280
456.0 350.0 0.0032 10790.4567
492.0 345.0 0.0038 10788.4735
11.0 373.0 0.0037 10788.8617
44.0 381.0 0.0040 10788.0628
71.0 369.0 0.0034 10789.7829
96.0 371.0 0.0093 10772.1148
130.0 367.0 0.0263 10721.0490
156.0 370.0 0.0283 10715.0191
180.0 373.0 0.0161 10751.8127
203.0 376.0 0.0165 10750.5364
240.0 368.0 0.0232 10730.4841
266.0 372.0 0.0169 10749.3522
297.0 367.0 0.0161 10751.7455
311.0 378.0 0.0161 10751.7553
350.0 377.0 0.0247 10725.9385
378.0 379.0 0.0313 10706.1662
410.0 380.0 0.0174 10747.8356
427.0 373.0 0.0038 10788.5959
456.0 377.0 0.0043 10787.1062
488.0 368.0 0.0034 10789.8490
14.0 399.0 0.0036 10789.2431
39.0 397.0 0.0031 10790.6809
69.0 404.0 0.0097 10771.0215
102.0 404.0 0.0329 10701.4232
128.0 399.0 0.0035 10789.6175
146.0 409.0 0.0260 10722.1287
187.0 400.0 0.0031 10790.7233
215.0 401.0 0.0175 10747.3627
240.0 394.0 0.0096 10771.1772
264.0 408.0 0.0296 10711.1124
298.0 404.0 0.0104 10768.9166
319.0 410.0 0.0084 10774.8295
348.0 409.0 0.0164 10750.7574
367.0 405.0 0.0111 10766.7793
409.0 401.0 0.0162 10751.4412
423.0 395.0 0.0039 10788.2250
465.0 400.0 0.0040 10787.9933
487.0 409.0 0.0038 10788.6870
21.0 431.0 0.0040 10788.1033
41.0 423.0 0.0036 10789.0590
75.0 426.0 0.0104 10768.8668
105.0 434.0 0.0037 10788.9580
127.0 435.0 0.0037 10788.9530
159.0 427.0 0.0036 10789.0975
180.0 431.0 0.0041 10787.8332
214.0 427.0 0.0038 10788.6708
237.0 430.0 0.0037 10789.0405
262.0 422.0 0.0037 10788.9005
295.0 431.0 0.0035 10789.5412
327.0 430.0 0.0038 10788.6884
347.0 436.0 0.0100 10769.9911
373.0 429.0 0.0093 10772.0578
408.0 432.0 0.0104 10768.6887
429.0 434.0 0.0031 10790.7766
464.0 422.0 0.0042 10787.3460
478.0 427.0 0.0035 10789.4923
10.0 461.0 0.0033 10790.1468
45.0 455.0 0.0032 10790.4954
77.0 452.0 0.0033 10790.1083
92.0 461.0 0.0030 10791.0367
129.0 454.0 0.0037 10788.9242
159.0 459.0 0.0040 10788.0024
175.0 459.0 0.0041 10787.5805
213.0 459.0 0.0036 10789.2099
235.0 464.0 0.0030 10790.9484
269.0 450.0 0.0038 10788.6915
285.0 457.0 0.0039 10788.4209
322.0 460.0 0.0039 10788.2024
344.0 457.0 0.0036 10789.1496
382.0 456.0 0.0035 10789.4521
409.0 464.0 0.0035 10789.6165
433.0 464.0 0.0039 10788.2102
454.0 453.0 0.0032 10790.2861
481.0 453.0 0.0039 10788.2202
10.0 482.0 0.0040 10788.0840
42.0 482.0 0.0033 10790.1678
65.0 478.0 0.0037 10788.7709
90.0 489.0 0.0038 10788.6700
125.0 494.0 0.0039 10788.4486
150.0 491.0 0.0038 10788.5887
188.0 482.0 0.0042 10787.4150
209.0 487.0 0.0040 10787.8664
235.0 491.0 0.0038 10788.7132
264.0 488.0 0.0030 10790.8800
293.0 488.0 0.0032 10790.2562
324.0 482.0 0.0034 10789.7923
351.0 487.0 0.0032 10790.2942
372.0 483.0 0.0029 10791.1584
408.0 492.0 0.0035 10789.4236
427.0 489.0 0.0031 10790.6029
455.0 478.0 0.0038 10788.5714
487.0 486.0 0.0037 10788.7909
396.0 271.0 0.0091 10772.6583
95.0 424.0 0.0100 10769.9276
296.0 229.0 0.0190 10743.1350
136.0 45.0 0.0032 10790.4744
237.0 1.0 0.0033 10790.2350
153.0 51.0 0.0031 10790.6169
332.0 337.0 0.0038 10788.7350
78.0 150.0 0.0106 10768.0960
184.0 184.0 0.0165 10750.6146
237.0 172.0 0.0035 10789.5122
499.0 282.0 0.0035 10789.5531
24.0 351.0 0.0031 10790.5567
36.0 323.0 0.0031 10790.7856
370.0 437.0 0.0036 10789.1799
87.0 266.0 0.0040 10788.0258
318.0 45.0 0.0035 10789.5404
270.0 497.0 0.0045 10786.3987
322.0 308.0 0.0030 10791.0207
161.0 268.0 0.0097 10770.9328
422.0 436.0 0.0094 10771.9440
59.0 304.0 0.0034 10789.6792
350.0 195.0 0.0104 10768.9386
477.0 268.0 0.0034 10789.9110
490.0 233.0 0.0031 10790.6594
143.0 303.0 0.0109 10767.3953
477.0 471.0 0.0034 10789.7559
