250.0 250.0
13.0 7.0 0.0031 10790.8410
44.0 19.0 0.0033 10790.1419
55.0 8.0 0.0035 10789.4527
93.0 18.0 0.0035 10789.5348
117.0 17.0 0.0040 10788.0167
142.0 15.0 0.0033 10790.2438
166.0 6.0 0.0041 10787.7528
188.0 13.0 0.0031 10790.5801
210.0 9.0 0.0037 10788.8440
235.0 6.0 0.0043 10787.2468
264.0 16.0 0.0039 10788.2747
285.0 6.0 0.0037 10788.7507
307.0 9.0 0.0042 10787.4573
342.0 13.0 0.0034 10789.6553
366.0 8.0 0.0033 10790.0632
391.0 9.0 0.0036 10789.1843
406.0 13.0 0.0036 10789.2339
432.0 15.0 0.0034 10789.7172
467.0 18.0 0.0034 10789.6879
494.0 11.0 0.0030 10790.9637
18.0 32.0 0.0034 10789.7328
35.0 41.0 0.0036 10789.0510
67.0 41.0 0.0038 10788.4799
85.0 35.0 0.0037 10789.0047
116.0 32.0 0.0029 10791.2088
138.0 37.0 0.0037 10788.8376
168.0 44.0 0.0044 10786.8489
187.0 44.0 0.0038 10788.6873
214.0 37.0 0.0037 10788.9202
231.0 39.0 0.0028 10791.5911
256.0 37.0 0.0032 10790.2671
280.0 40.0 0.0035 10789.5257
318.0 37.0 0.0040 10788.0945
330.0 33.0 0.0040 10787.9833
361.0 31.0 0.0035 10789.5483
386.0 39.0 0.0038 10788.5321
407.0 43.0 0.0038 10788.5392
443.0 33.0 0.0032 10790.5002
466.0 42.0 0.0034 10789.6599
487.0 39.0 0.0038 10788.6374
7.0 67.0 0.0039 10788.2726
36.0 65.0 0.0035 10789.4956
65.0 59.0 0.0104 10768.7171
89.0 67.0 0.0042 10787.4358
107.0 56.0 0.0037 10788.7631
134.0 64.0 0.0037 10788.7864
160.0 58.0 0.0037 10789.0149
181.0 61.0 0.0039 10788.3396
216.0 58.0 0.0044 10786.8941
242.0 68.0 0.0028 10791.7316
259.0 63.0 0.0031 10790.5680
291.0 59.0 0.0038 10788.5923
306.0 56.0 0.0035 10789.3625
341.0 65.0 0.0036 10789.1629
356.0 65.0 0.0036 10789.2848
391.0 65.0 0.0097 10770.7611
406.0 55.0 0.0042 10787.2703
434.0 58.0 0.0105 10768.3989
458.0 60.0 0.0037 10788.9606
491.0 66.0 0.0036 10789.3290
13.0 80.0 0.0038 10788.6399
43.0 94.0 0.0037 10788.9128
59.0 91.0 0.0036 10789.3053
88.0 82.0 0.0230 10730.9055
106.0 90.0 0.0092 10772.4448
131.0 90.0 0.0099 10770.1675
166.0 92.0 0.0310 10707.0600
188.0 94.0 0.0046 10786.1990
219.0 92.0 0.0223 10732.9650
232.0 84.0 0.0033 10790.1329
256.0 80.0 0.0044 10786.8072
294.0 94.0 0.0171 10748.6191
318.0 87.0 0.0095 10771.4812
331.0 84.0 0.0101 10769.6430
356.0 81.0 0.0159 10752.2636
394.0 90.0 0.0209 10737.2753
406.0 94.0 0.0097 10770.7510
430.0 91.0 0.0037 10788.8743
461.0 84.0 0.0034 10789.9191
491.0 94.0 0.0038 10788.5359
7.0 118.0 0.0037 10788.7977
39.0 105.0 0.0036 10789.1665
63.0 111.0 0.0038 10788.5913
83.0 118.0 0.0038 10788.6154
115.0 107.0 0.0248 10725.5785
136.0 112.0 0.0161 10751.6756
163.0 118.0 0.0182 10745.5052
194.0 116.0 0.0106 10768.3208
219.0 114.0 0.0102 10769.4811
242.0 111.0 0.0376 10687.2640
255.0 105.0 0.0107 10768.0210
289.0 111.0 0.0181 10745.6201
315.0 111.0 0.0158 10752.6624
341.0 106.0 0.0190 10743.0046
368.0 119.0 0.0246 10726.1437
386.0 108.0 0.0160 10751.9082
412.0 119.0 0.0039 10788.2025
443.0 109.0 0.0100 10769.9836
460.0 105.0 0.0036 10789.1786
493.0 113.0 0.0038 10788.6838
5.0 130.0 0.0036 10789.2029
36.0 144.0 0.0030 10790.9351
59.0 139.0 0.0106 10768.0580
86.0 130.0 0.0099 10770.1995
117.0 135.0 0.0158 10752.7106
135.0 135.0 0.0099 10770.4380
156.0 130.0 0.0359 10692.3694
192.0 141.0 0.0224 10732.8522
211.0 141.0 0.0104 10768.6700
240.0 132.0 0.0034 10789.8671
257.0 137.0 0.0278 10716.5695
283.0 134.0 0.0101 10769.7546
305.0 137.0 0.0386 10684.1778
335.0 136.0 0.0443 10666.9501
367.0 134.0 0.0104 10768.9039
384.0 144.0 0.0103 10769.0381
412.0 136.0 0.0167 10749.8499
430.0 142.0 0.0040 10787.9151
469.0 131.0 0.0039 10788.1834
481.0 144.0 0.0035 10789.5762
15.0 165.0 0.0037 10788.9785
32.0 161.0 0.0040 10788.0169
67.0 162.0 0.0039 10788.3195
92.0 161.0 0.0035 10789.4382
111.0 166.0 0.0095 10771.5131
138.0 157.0 0.0243 10727.2216
167.0 157.0 0.0166 10750.1740
193.0 160.0 0.0033 10790.0737
215.0 166.0 0.0457 10662.7700
238.0 168.0 0.0503 10649.1636
264.0 168.0 0.0244 10726.7792
287.0 157.0 0.0526 10642.1840
306.0 167.0 0.0030 10791.1042
337.0 169.0 0.0420 10673.8792
365.0 159.0 0.0036 10789.3046
391.0 166.0 0.0313 10706.0416
406.0 162.0 0.0036 10789.0691
442.0 155.0 0.0040 10788.0457
456.0 166.0 0.0030 10790.9956
489.0 165.0 0.0036 10789.0725
13.0 189.0 0.0033 10790.0383
42.0 188.0 0.0034 10789.7289
61.0 190.0 0.0174 10747.8294
88.0 181.0 0.0038 10788.5682
119.0 181.0 0.0110 10766.9400
135.0 184.0 0.0230 10730.8729
161.0 181.0 0.0298 10710.4860
180.0 183.0 0.0410 10676.9274
218.0 187.0 0.0563 10630.9822
236.0 185.0 0.0278 10716.5392
268.0 193.0 0.1033 10490.1845
281.0 188.0 0.0250 10724.9806
310.0 190.0 0.0858 10542.7288
331.0 180.0 0.0039 10788.3837
363.0 192.0 0.0244 10726.8390
389.0 182.0 0.0104 10768.8612
409.0 180.0 0.0152 10754.4784
434.0 193.0 0.0027 10791.7989
459.0 181.0 0.0040 10788.0724
485.0 191.0 0.0040 10788.0665
10.0 219.0 0.0040 10787.9115
34.0 210.0 0.0033 10790.1317
61.0 211.0 0.0034 10789.7795
80.0 215.0 0.0178 10746.5389
105.0 217.0 0.0040 10787.9506
142.0 209.0 0.0102 10769.5174
159.0 216.0 0.0103 10769.0208
191.0 216.0 0.0028 10791.5194
212.0 205.0 0.0473 10658.1913
234.0 207.0 0.0384 10684.7609
255.0 210.0 0.0828 10551.7115
288.0 216.0 0.0024 10792.7040
314.0 217.0 0.0154 10753.6538
341.0 209.0 0.0277 10716.8065
368.0 212.0 0.0154 10753.9150
382.0 219.0 0.0216 10735.2163
419.0 206.0 0.0035 10789.4246
438.0 211.0 0.0038 10788.5290
458.0 212.0 0.0038 10788.5813
484.0 214.0 0.0028 10791.4881
5.0 240.0 0.0037 10788.8355
41.0 233.0 0.0034 10789.7514
59.0 234.0 0.0040 10788.1247
91.0 243.0 0.0228 10731.4950
107.0 238.0 0.0172 10748.4745
138.0 234.0 0.0288 10713.7379
162.0 232.0 0.0461 10661.6738
194.0 230.0 0.0191 10742.6294
217.0 239.0 0.0854 10543.8928
242.0 237.0 0.0775 10567.5228
268.0 231.0 0.0763 10571.0899
293.0 237.0 0.0730 10580.9988
306.0 231.0 0.0338 10698.6938
341.0 240.0 0.0105 10768.6362
358.0 242.0 0.0289 10713.1852
391.0 233.0 0.0032 10790.2657
417.0 243.0 0.0235 10729.4406
435.0 238.0 0.0033 10790.0182
469.0 242.0 0.0037 10789.0176
487.0 234.0 0.0030 10790.9772
13.0 266.0 0.0033 10790.1986
35.0 258.0 0.0032 10790.2760
60.0 264.0 0.0035 10789.5429
89.0 269.0 0.0150 10754.8819
112.0 269.0 0.0226 10732.1609
140.0 268.0 0.0237 10728.8698
167.0 266.0 0.0494 10651.8105
192.0 258.0 0.0523 10642.9835
209.0 262.0 0.0415 10675.4914
232.0 265.0 0.0643 10607.2406
256.0 264.0 0.1216 10435.0676
285.0 268.0 0.1039 10488.2956
312.0 269.0 0.0609 10617.2300
335.0 264.0 0.0653 10604.0177
364.0 268.0 0.0093 10772.0509
390.0 256.0 0.0033 10790.1088
419.0 263.0 0.0104 10768.8058
437.0 256.0 0.0033 10790.1184
457.0 264.0 0.0037 10788.9186
490.0 259.0 0.0038 10788.6513
5.0 281.0 0.0036 10789.2152
35.0 292.0 0.0034 10789.9170
62.0 284.0 0.0034 10789.8394
81.0 294.0 0.0166 10750.1835
116.0 289.0 0.0099 10770.1656
137.0 293.0 0.0100 10769.9949
156.0 283.0 0.0490 10652.9892
189.0 293.0 0.0400 10680.0227
218.0 289.0 0.0285 10714.6170
231.0 286.0 0.1085 10474.5142
264.0 291.0 0.0220 10733.9609
284.0 291.0 0.0190 10743.0820
308.0 285.0 0.0259 10722.2166
342.0 281.0 0.0387 10683.9788
365.0 291.0 0.0296 10711.1567
384.0 282.0 0.0222 10733.3513
405.0 280.0 0.0153 10754.1776
438.0 280.0 0.0042 10787.4173
463.0 283.0 0.0035 10789.6124
486.0 280.0 0.0036 10789.1789
13.0 313.0 0.0033 10789.9674
31.0 315.0 0.0037 10788.8257
63.0 315.0 0.0034 10789.7853
86.0 311.0 0.0034 10789.8288
111.0 305.0 0.0088 10773.6808
140.0 317.0 0.0366 10690.1058
157.0 316.0 0.0095 10771.4527
187.0 319.0 0.0597 10621.0287
212.0 309.0 0.0203 10739.0249
231.0 319.0 0.0034 10789.7160
257.0 311.0 0.0590 10623.1370
293.0 310.0 0.0663 10601.0656
313.0 313.0 0.0318 10704.5708
333.0 312.0 0.0030 10790.9078
360.0 305.0 0.0457 10662.9842
381.0 310.0 0.0225 10732.4834
419.0 318.0 0.0237 10729.0040
433.0 313.0 0.0032 10790.4298
465.0 318.0 0.0041 10787.6521
491.0 314.0 0.0037 10788.7697
14.0 341.0 0.0035 10789.4718
34.0 342.0 0.0033 10790.1124
62.0 343.0 0.0099 10770.4038
92.0 338.0 0.0165 10750.5606
113.0 330.0 0.0246 10726.3063
141.0 334.0 0.0038 10788.4682
169.0 339.0 0.0378 10686.6705
185.0 330.0 0.0302 10709.2890
216.0 333.0 0.0187 10744.0460
231.0 337.0 0.0516 10645.0769
257.0 331.0 0.0543 10637.1637
289.0 336.0 0.0163 10751.1774
316.0 330.0 0.0394 10681.9311
341.0 342.0 0.0160 10752.1094
366.0 339.0 0.0102 10769.5050
388.0 338.0 0.0104 10768.7050
407.0 343.0 0.0046 10786.3204
441.0 334.0 0.0038 10788.4860
455.0 334.0 0.0038 10788.5329
481.0 330.0 0.0029 10791.1558
15.0 355.0 0.0045 10786.4651
37.0 357.0 0.0036 10789.2313
64.0 356.0 0.0036 10789.2770
93.0 361.0 0.0031 10790.5694
107.0 369.0 0.0039 10788.2521
132.0 369.0 0.0225 10732.4554
162.0 357.0 0.0242 10727.4808
188.0 365.0 0.0190 10742.9306
207.0 358.0 0.0092 10772.2994
231.0 359.0 0.0210 10736.9685
266.0 364.0 0.0038 10788.5772
284.0 358.0 0.0185 10744.4231
315.0 355.0 0.0225 10732.6348
337.0 367.0 0.0237 10728.9199
359.0 365.0 0.0316 10705.2264
382.0 355.0 0.0034 10789.6736
411.0 366.0 0.0171 10748.6809
436.0 356.0 0.0028 10791.6033
468.0 369.0 0.0041 10787.7379
485.0 363.0 0.0033 10790.0302
18.0 384.0 0.0037 10788.9190
36.0 392.0 0.0032 10790.4511
61.0 391.0 0.0106 10768.2982
86.0 386.0 0.0094 10771.8126
115.0 386.0 0.0041 10787.6766
132.0 387.0 0.0245 10726.4482
168.0 391.0 0.0232 10730.3317
184.0 386.0 0.0160 10752.0399
218.0 386.0 0.0101 10769.8088
235.0 387.0 0.0287 10713.8802
269.0 391.0 0.0040 10788.0866
290.0 383.0 0.0094 10771.6948
317.0 381.0 0.0154 10753.7790
340.0 385.0 0.0113 10766.0808
359.0 386.0 0.0034 10789.8449
385.0 388.0 0.0396 10681.3408
418.0 389.0 0.0109 10767.3385
441.0 392.0 0.0040 10787.9953
467.0 394.0 0.0037 10788.7786
488.0 388.0 0.0036 10789.2718
11.0 408.0 0.0032 10790.2554
44.0 405.0 0.0041 10787.7226
68.0 416.0 0.0038 10788.4689
92.0 411.0 0.0172 10748.2622
116.0 405.0 0.0183 10745.1755
131.0 419.0 0.0109 10767.3104
157.0 411.0 0.0110 10767.1445
184.0 414.0 0.0113 10766.1968
207.0 414.0 0.0157 10752.8229
243.0 409.0 0.0092 10772.5152
265.0 405.0 0.0220 10733.9587
282.0 405.0 0.0096 10771.0978
307.0 406.0 0.0093 10772.1132
342.0 413.0 0.0171 10748.6684
364.0 406.0 0.0120 10764.0208
389.0 409.0 0.0096 10771.3304
418.0 409.0 0.0034 10789.8160
435.0 407.0 0.0106 10768.0566
459.0 419.0 0.0039 10788.1970
483.0 418.0 0.0035 10789.5291
13.0 436.0 0.0033 10790.1442
39.0 440.0 0.0040 10787.8946
62.0 434.0 0.0041 10787.7941
86.0 444.0 0.0110 10766.9576
113.0 434.0 0.0036 10789.2845
141.0 431.0 0.0035 10789.4527
164.0 438.0 0.0035 10789.4876
187.0 438.0 0.0034 10789.7104
217.0 436.0 0.0032 10790.3435
239.0 443.0 0.0037 10788.9466
263.0 435.0 0.0036 10789.2856
285.0 441.0 0.0037 10788.9661
310.0 436.0 0.0039 10788.4282
337.0 441.0 0.0106 10768.2697
358.0 430.0 0.0039 10788.3742
385.0 434.0 0.0166 10750.2306
405.0 433.0 0.0035 10789.5749
436.0 437.0 0.0099 10770.2761
461.0 430.0 0.0040 10787.8613
489.0 443.0 0.0042 10787.3514
6.0 458.0 0.0042 10787.4359
37.0 463.0 0.0031 10790.6014
63.0 463.0 0.0035 10789.4527
90.0 456.0 0.0032 10790.3651
114.0 460.0 0.0104 10768.8800
131.0 468.0 0.0037 10788.8826
159.0 460.0 0.0033 10790.0979
192.0 467.0 0.0037 10789.0356
209.0 467.0 0.0034 10789.7596
244.0 457.0 0.0028 10791.6160
261.0 465.0 0.0037 10789.0397
280.0 461.0 0.0040 10788.0990
315.0 458.0 0.0032 10790.3250
337.0 463.0 0.0035 10789.6219
356.0 457.0 0.0037 10788.8343
380.0 462.0 0.0040 10788.0724
408.0 469.0 0.0038 10788.7072
434.0 461.0 0.0036 10789.2239
458.0 455.0 0.0034 10789.9283
493.0 466.0 0.0035 10789.4343
6.0 483.0 0.0042 10787.4224
35.0 481.0 0.0032 10790.4208
58.0 485.0 0.0034 10789.8104
94.0 494.0 0.0035 10789.5412
115.0 482.0 0.0037 10788.9033
140.0 489.0 0.0040 10787.8912
168.0 484.0 0.0030 10790.9089
191.0 494.0 0.0035 10789.3697
212.0 489.0 0.0036 10789.1718
242.0 484.0 0.0038 10788.7479
264.0 494.0 0.0042 10787.5257
284.0 488.0 0.0036 10789.3180
318.0 482.0 0.0038 10788.6063
332.0 482.0 0.0035 10789.3743
363.0 493.0 0.0036 10789.2010
389.0 491.0 0.0042 10787.3013
408.0 487.0 0.0036 10789.2046
438.0 490.0 0.0032 10790.3246
455.0 485.0 0.0040 10788.0490
480.0 490.0 0.0033 10789.9821
