250.0 250.0
53.0 25.0 0.0419 10674.4018
75.0 23.0 0.0346 10696.2893
115.0 26.0 0.0425 10672.4446
143.0 11.0 0.0402 10679.4991
177.0 12.0 0.0421 10673.8225
247.0 20.0 0.0368 10689.5470
286.0 15.0 0.0396 10681.3200
325.0 18.0 0.0364 10690.7815
422.0 26.0 0.0428 10671.7337
447.0 15.0 0.0393 10682.2063
24.0 43.0 0.0395 10681.4984
52.0 55.0 0.0428 10671.5323
90.0 53.0 0.0341 10697.8141
112.0 53.0 0.0403 10679.0285
143.0 56.0 0.0364 10690.6608
192.0 48.0 0.0393 10682.2098
222.0 52.0 0.0359 10692.4146
243.0 44.0 0.0370 10688.9026
289.0 58.0 0.0365 10690.6320
315.0 56.0 0.0408 10677.4679
342.0 52.0 0.0426 10672.2487
376.0 54.0 0.1153 10454.1015
422.0 59.0 0.0370 10688.8702
447.0 57.0 0.0369 10689.2423
474.0 53.0 0.0450 10665.1434
18.0 86.0 0.0369 10689.3208
50.0 77.0 0.0351 10694.5692
80.0 73.0 0.0397 10680.8086
117.0 81.0 0.2063 10180.9673
156.0 74.0 0.0362 10691.3669
176.0 87.0 0.1789 10263.4319
214.0 89.0 0.2267 10119.9611
241.0 83.0 0.1191 10442.8022
282.0 81.0 0.1073 10478.1497
322.0 80.0 0.1942 10217.3603
352.0 90.0 0.1176 10447.2790
388.0 84.0 0.0457 10662.8347
407.0 75.0 0.1206 10438.2997
452.0 76.0 0.0388 10683.6799
490.0 86.0 0.0424 10672.7076
13.0 126.0 0.0413 10676.0507
55.0 118.0 0.0935 10519.3895
89.0 116.0 0.1139 10458.3391
108.0 121.0 0.3198 9840.6475
157.0 122.0 0.1048 10485.7004
181.0 122.0 0.1191 10442.7426
226.0 121.0 0.0985 10504.5733
249.0 121.0 0.2294 10111.6524
279.0 112.0 0.1154 10453.8132
325.0 120.0 0.1820 10254.1180
348.0 114.0 0.0386 10684.0600
390.0 107.0 0.1831 10250.5530
407.0 111.0 0.1948 10215.6391
448.0 108.0 0.0382 10685.4666
492.0 115.0 0.0399 10680.2835
22.0 143.0 0.0420 10673.9215
44.0 157.0 0.0378 10686.5007
80.0 156.0 0.0436 10669.0523
107.0 150.0 0.3377 9786.9651
153.0 157.0 0.0441 10667.7468
180.0 145.0 0.6999 8700.4080
215.0 153.0 0.5253 9224.1543
248.0 140.0 0.0384 10684.8819
284.0 158.0 0.5060 9281.9461
318.0 140.0 0.1818 10254.6104
356.0 154.0 0.0431 10670.6663
387.0 159.0 0.2723 9983.0529
418.0 149.0 0.1728 10281.6500
454.0 146.0 0.0357 10693.0338
482.0 150.0 0.0360 10691.9348
12.0 188.0 0.0445 10666.3524
55.0 186.0 0.0373 10687.9916
73.0 187.0 0.1058 10482.4549
117.0 184.0 0.1070 10478.8621
147.0 175.0 0.1893 10232.1235
178.0 192.0 0.5424 9172.8922
226.0 182.0 0.0350 10694.9808
240.0 186.0 0.6848 8745.6956
284.0 187.0 0.2399 10080.3735
322.0 190.0 0.1085 10474.5558
350.0 175.0 0.7788 8463.5091
389.0 181.0 0.1803 10259.2318
413.0 178.0 0.1063 10481.0869
443.0 189.0 0.0400 10680.0897
478.0 187.0 0.0443 10667.0040
22.0 208.0 0.0350 10694.8819
48.0 217.0 0.0368 10689.5185
93.0 225.0 0.2747 9975.9750
124.0 220.0 0.1700 10290.0092
140.0 221.0 0.3294 9811.9484
181.0 224.0 0.4507 9447.9745
220.0 215.0 0.5023 7050.1512
249.0 219.0 0.6057 7097.2879
292.0 214.0 0.5113 7741.2702
316.0 208.0 0.5407 9177.8390
354.0 224.0 0.1678 10296.5532
388.0 224.0 0.0323 10703.0243
411.0 213.0 0.0342 10697.3292
456.0 224.0 0.0388 10683.5405
480.0 217.0 0.0351 10694.5724
14.0 243.0 0.0391 10682.6384
57.0 255.0 0.0458 10662.6420
76.0 245.0 0.0377 10686.8725
107.0 254.0 0.1144 10456.7033
153.0 241.0 0.1716 10285.1745
189.0 246.0 0.6040 8987.9881
223.0 256.0 0.7856 7513.5857
254.0 257.0 0.0171 10748.6409
287.0 241.0 0.6931 8720.7402
322.0 243.0 0.6524 8842.8806
356.0 258.0 0.1019 10494.3074
378.0 241.0 0.2743 9977.2377
413.0 247.0 0.2475 10057.4368
455.0 258.0 0.0383 10685.1726
487.0 240.0 0.0358 10692.7292
23.0 274.0 0.0426 10672.1018
47.0 281.0 0.0336 10699.2138
83.0 289.0 0.0413 10676.0074
117.0 285.0 0.2607 10017.7519
150.0 281.0 0.3213 9836.0415
180.0 287.0 0.3982 9605.3871
215.0 291.0 0.5129 7025.1149
241.0 276.0 0.7695 8491.5232
274.0 291.0 0.6705 8788.4819
318.0 291.0 0.5459 9162.2929
343.0 276.0 0.4278 9516.5098
387.0 286.0 0.1810 10257.0857
413.0 282.0 0.1025 10492.4364
450.0 279.0 0.0397 10680.8828
492.0 283.0 0.0424 10672.9250
26.0 311.0 0.0444 10666.6686
47.0 326.0 0.0393 10682.1981
82.0 318.0 0.1792 10262.3612
115.0 314.0 0.1014 10495.8578
146.0 306.0 0.2380 10086.0914
183.0 309.0 0.2025 10192.6499
219.0 312.0 0.1009 10497.2549
251.0 308.0 0.6506 8848.1326
286.0 325.0 0.6353 8894.0210
312.0 308.0 0.2703 9989.0029
357.0 315.0 0.6550 8834.9713
382.0 323.0 0.0348 10695.4806
424.0 317.0 0.0996 10501.2978
453.0 310.0 0.0337 10698.8922
482.0 325.0 0.0399 10680.1848
7.0 344.0 0.0381 10685.6791
49.0 340.0 0.0431 10670.8284
88.0 345.0 0.0452 10664.3485
117.0 347.0 0.1946 10216.2624
153.0 356.0 0.6073 8978.2115
183.0 353.0 0.1676 10297.0949
217.0 340.0 0.5016 9295.1137
252.0 349.0 0.1052 10484.2856
273.0 357.0 0.2722 9983.4036
324.0 352.0 0.1096 10471.2577
352.0 348.0 0.2291 10112.5975
378.0 348.0 0.1155 10453.4941
413.0 350.0 0.0980 10505.9063
451.0 342.0 0.0418 10674.5486
487.0 356.0 0.0362 10691.2816
21.0 379.0 0.0422 10673.4400
51.0 383.0 0.0355 10693.4374
75.0 375.0 0.1855 10243.4429
123.0 382.0 0.1836 10249.1400
146.0 380.0 0.1115 10465.5837
180.0 377.0 0.0369 10689.4452
215.0 389.0 0.2781 9965.5983
258.0 384.0 0.2481 10055.7318
279.0 390.0 0.1190 10443.0771
324.0 392.0 0.4628 9411.6141
343.0 393.0 0.0444 10666.8613
374.0 373.0 0.2073 10178.1612
419.0 373.0 0.0419 10674.2088
456.0 385.0 0.0428 10671.6345
492.0 392.0 0.0456 10663.1234
23.0 419.0 0.0328 10701.5563
43.0 420.0 0.0448 10665.5936
92.0 414.0 0.1167 10449.8825
115.0 426.0 0.1122 10463.5035
147.0 415.0 0.1026 10492.3214
174.0 410.0 0.1134 10459.6704
212.0 420.0 0.0386 10684.0591
241.0 420.0 0.2662 10001.5193
273.0 422.0 0.0367 10689.9306
318.0 419.0 0.1782 10265.3894
356.0 416.0 0.0342 10697.4237
392.0 418.0 0.1847 10245.9820
409.0 420.0 0.2029 10191.2223
448.0 420.0 0.0441 10667.8223
482.0 417.0 0.0440 10668.1210
20.0 450.0 0.0392 10682.3070
48.0 457.0 0.0424 10672.7802
80.0 453.0 0.0401 10679.7683
119.0 453.0 0.0377 10686.9872
152.0 440.0 0.1124 10462.7674
181.0 458.0 0.0368 10689.6073
218.0 457.0 0.0403 10679.1831
259.0 454.0 0.0335 10699.4058
287.0 449.0 0.0341 10697.6086
325.0 447.0 0.0353 10694.1112
351.0 456.0 0.0334 10699.8636
380.0 442.0 0.0363 10691.0023
423.0 448.0 0.0454 10663.6905
454.0 444.0 0.0370 10689.0379
478.0 449.0 0.0358 10692.5381
59.0 491.0 0.0426 10672.1873
83.0 490.0 0.0416 10675.2321
111.0 476.0 0.0341 10697.7465
146.0 485.0 0.0385 10684.6322
175.0 481.0 0.0459 10662.1710
207.0 492.0 0.0389 10683.1980
242.0 486.0 0.0320 10704.0346
321.0 478.0 0.0418 10674.7095
359.0 486.0 0.0381 10685.8426
385.0 474.0 0.0422 10673.5085
425.0 486.0 0.0362 10691.5416
450.0 483.0 0.0429 10671.4411
31.0 101.0 0.0382 10685.4865
469.0 27.0 0.0387 10683.8824
385.0 30.0 0.0386 10684.3466
473.0 467.0 0.0381 10685.6838
398.0 390.0 0.1926 10222.1131
71.0 416.0 0.0402 10679.3297
212.0 22.0 0.0324 10702.7157
363.0 24.0 0.0332 10700.2593
