250.0 250.0
17.0 23.0 0.0342 10697.2522
56.0 19.0 0.0390 10682.9300
85.0 12.0 0.0325 10702.5200
120.0 16.0 0.0395 10681.4049
140.0 13.0 0.0423 10673.2285
188.0 11.0 0.0389 10683.3153
224.0 12.0 0.0351 10694.7768
257.0 11.0 0.0392 10682.5075
280.0 24.0 0.0444 10666.8315
306.0 24.0 0.0414 10675.7788
359.0 22.0 0.0319 10704.2952
388.0 23.0 0.0386 10684.0685
407.0 9.0 0.0388 10683.5513
458.0 17.0 0.0363 10690.9621
484.0 8.0 0.0415 10675.6004
21.0 43.0 0.0395 10681.5941
56.0 54.0 0.0434 10669.6646
78.0 42.0 0.0422 10673.4857
119.0 59.0 0.0451 10664.8167
154.0 45.0 0.0373 10688.1192
180.0 53.0 0.0357 10692.8356
222.0 41.0 0.0399 10680.4217
246.0 51.0 0.0389 10683.1900
283.0 47.0 0.0385 10684.3672
308.0 43.0 0.0311 10706.5591
341.0 50.0 0.0318 10704.6555
381.0 44.0 0.0424 10672.8687
424.0 50.0 0.0385 10684.4335
458.0 54.0 0.0400 10679.9082
477.0 53.0 0.0347 10695.9804
18.0 74.0 0.0383 10685.2309
55.0 84.0 0.1104 10468.7706
83.0 90.0 0.0425 10672.5237
115.0 73.0 0.1890 10232.9990
159.0 88.0 0.1194 10441.6742
177.0 91.0 0.1924 10222.8899
210.0 75.0 0.0422 10673.2705
248.0 80.0 0.1030 10491.0677
273.0 91.0 0.0946 10516.2522
323.0 77.0 0.0377 10687.0343
340.0 86.0 0.1860 10242.0597
392.0 88.0 0.2327 10101.8626
408.0 74.0 0.2003 10199.1635
446.0 84.0 0.0988 10503.5965
478.0 79.0 0.0416 10675.3165
8.0 117.0 0.0424 10672.7765
41.0 126.0 0.0326 10702.1158
74.0 119.0 0.0375 10687.5156
112.0 122.0 0.1820 10254.0326
141.0 125.0 0.0444 10666.8019
191.0 112.0 0.1798 10260.4739
210.0 122.0 0.2384 10084.6970
246.0 110.0 0.0352 10694.5100
273.0 126.0 0.1884 10234.8120
309.0 108.0 0.3319 9804.3628
353.0 126.0 0.0930 10521.0048
389.0 120.0 0.2808 9957.4996
406.0 117.0 0.1145 10456.6168
451.0 123.0 0.0440 10668.0784
488.0 120.0 0.0331 10700.8069
20.0 158.0 0.0381 10685.6608
49.0 142.0 0.0379 10686.2974
89.0 148.0 0.1140 10458.0599
107.0 144.0 0.2847 9945.9051
145.0 150.0 0.7559 8532.3119
185.0 152.0 0.2787 9963.9458
209.0 141.0 0.0413 10676.1802
254.0 151.0 0.3018 9894.6060
284.0 145.0 0.3416 9775.1114
321.0 155.0 0.0324 10702.8604
350.0 141.0 0.5451 9164.5638
377.0 144.0 0.0313 10706.2436
424.0 145.0 0.2805 9958.4169
443.0 147.0 0.0318 10704.5145
486.0 149.0 0.0395 10681.5124
10.0 177.0 0.0380 10686.1008
43.0 185.0 0.0415 10675.5511
84.0 175.0 0.0398 10680.5715
112.0 189.0 0.1220 10434.0765
147.0 188.0 0.0358 10692.5275
192.0 175.0 0.2312 10106.2541
223.0 182.0 0.3119 9864.4041
247.0 183.0 0.3626 9712.2238
284.0 185.0 0.5573 7797.1945
322.0 178.0 0.5635 9109.4700
346.0 188.0 0.3643 9707.2306
392.0 189.0 0.1756 10273.1741
414.0 186.0 0.1609 10317.2829
459.0 183.0 0.0409 10677.3634
484.0 177.0 0.0336 10699.1520
7.0 215.0 0.0364 10690.7157
57.0 217.0 0.0325 10702.3661
82.0 207.0 0.4995 9301.5919
124.0 207.0 0.1075 10477.4602
159.0 206.0 0.1178 10446.5031
193.0 225.0 0.7222 7161.2244
214.0 221.0 0.2583 10025.1227
243.0 219.0 0.7131 7251.5062
280.0 208.0 0.4472 9458.2994
324.0 220.0 0.3285 9814.4842
355.0 211.0 0.2655 10003.3786
387.0 224.0 0.1751 10274.6666
425.0 224.0 0.0421 10673.6469
452.0 213.0 0.0387 10683.7907
487.0 216.0 0.0354 10693.8660
23.0 241.0 0.0326 10702.3194
44.0 241.0 0.0364 10690.9275
73.0 258.0 0.1141 10457.7772
118.0 247.0 0.2374 10087.9291
141.0 256.0 0.0339 10698.3334
188.0 246.0 0.7375 8587.6026
212.0 251.0 0.6931 8720.7539
255.0 257.0 0.7786 7364.1524
281.0 250.0 0.6731 7416.2193
317.0 246.0 0.5047 7380.8075
342.0 246.0 0.3510 9746.9513
379.0 245.0 0.2231 10130.6642
420.0 246.0 0.1093 10471.9924
457.0 243.0 0.0380 10685.9710
475.0 240.0 0.0455 10663.4434
14.0 274.0 0.0297 10710.9175
45.0 280.0 0.0388 10683.6734
75.0 291.0 0.0374 10687.7835
117.0 292.0 0.3427 9771.9248
152.0 283.0 0.4322 9503.3968
183.0 288.0 0.3919 9624.2209
219.0 284.0 0.0245 10726.4956
250.0 284.0 0.7894 7666.6915
284.0 277.0 0.3097 9871.0262
309.0 289.0 0.6450 8865.0763
358.0 281.0 0.0403 10679.1025
392.0 279.0 0.1142 10457.4767
425.0 280.0 0.0453 10663.9834
454.0 284.0 0.0412 10676.2566
478.0 291.0 0.0428 10671.4901
17.0 323.0 0.0358 10692.7242
54.0 318.0 0.0332 10700.4636
92.0 326.0 0.1744 10276.7734
112.0 314.0 0.1065 10480.3647
154.0 314.0 0.1954 10213.9236
173.0 322.0 0.1941 10217.8492
220.0 325.0 0.1114 10465.7869
256.0 321.0 0.5588 7560.9379
285.0 317.0 0.1067 10479.9915
322.0 321.0 0.4850 9344.9670
352.0 315.0 0.1802 10259.4602
390.0 307.0 0.0400 10680.0566
409.0 320.0 0.1975 10207.5126
447.0 309.0 0.0423 10672.9580
492.0 324.0 0.0409 10677.4261
10.0 351.0 0.0422 10673.4968
45.0 352.0 0.0370 10689.0519
77.0 355.0 0.1207 10438.0497
124.0 358.0 0.5723 9083.2451
152.0 353.0 0.1714 10285.6870
192.0 342.0 0.0395 10681.5941
208.0 343.0 0.5209 7745.1468
247.0 346.0 0.3609 9717.1701
284.0 340.0 0.6604 8818.6882
317.0 344.0 0.2070 10178.9430
359.0 348.0 0.3939 9618.3213
375.0 340.0 0.1154 10453.6624
411.0 355.0 0.1020 10493.9531
454.0 349.0 0.0403 10679.1363
490.0 359.0 0.0459 10662.2255
26.0 389.0 0.0300 10709.9430
49.0 380.0 0.0379 10686.1550
85.0 376.0 0.2053 10184.0236
120.0 381.0 0.1102 10469.2620
150.0 392.0 0.1774 10267.7477
186.0 391.0 0.0352 10694.4175
208.0 392.0 0.0421 10673.7353
250.0 386.0 0.2263 10121.1265
291.0 382.0 0.1693 10292.0913
313.0 384.0 0.1180 10445.9848
350.0 375.0 0.0428 10671.5922
380.0 376.0 0.1846 10246.2133
418.0 384.0 0.1965 10210.4108
450.0 377.0 0.0408 10677.5652
484.0 382.0 0.0373 10688.2257
10.0 421.0 0.0429 10671.3242
56.0 424.0 0.0370 10689.1490
76.0 422.0 0.0390 10683.1272
120.0 418.0 0.1035 10489.4894
154.0 425.0 0.0341 10697.7607
179.0 426.0 0.0438 10668.6952
220.0 419.0 0.1085 10474.4595
254.0 419.0 0.1047 10485.9643
291.0 426.0 0.0425 10672.4139
311.0 415.0 0.2551 10034.8255
351.0 422.0 0.0419 10674.3197
386.0 410.0 0.1658 10302.6730
412.0 420.0 0.1249 10425.3299
440.0 423.0 0.1078 10476.6879
484.0 425.0 0.0375 10687.6433
24.0 448.0 0.0336 10699.3139
47.0 443.0 0.0374 10687.7400
87.0 456.0 0.0458 10662.5899
109.0 455.0 0.0359 10692.1794
150.0 446.0 0.0424 10672.8925
188.0 459.0 0.0379 10686.2292
223.0 459.0 0.0378 10686.5892
255.0 446.0 0.0292 10712.5425
283.0 458.0 0.0375 10687.4053
322.0 454.0 0.0376 10687.1680
345.0 452.0 0.0442 10667.3219
378.0 441.0 0.0424 10672.6654
409.0 454.0 0.0413 10675.9728
444.0 440.0 0.0318 10704.7290
483.0 442.0 0.0421 10673.5561
17.0 479.0 0.0435 10669.3831
47.0 488.0 0.0352 10694.2649
75.0 479.0 0.0365 10690.6057
111.0 476.0 0.0364 10690.7472
158.0 490.0 0.0385 10684.4552
190.0 492.0 0.0379 10686.3176
224.0 485.0 0.0452 10664.2535
241.0 478.0 0.0404 10678.7722
280.0 484.0 0.0337 10698.8118
324.0 480.0 0.0313 10705.9848
346.0 480.0 0.0354 10693.9116
375.0 478.0 0.0462 10661.5134
409.0 492.0 0.0414 10675.7546
459.0 489.0 0.0410 10676.9963
486.0 486.0 0.0377 10686.7556
168.0 210.0 0.5368 7120.0129
490.0 104.0 0.0373 10687.9524
387.0 302.0 0.3641 9707.6903
17.0 176.0 0.0347 10695.8991
233.0 396.0 0.1820 10254.0568
170.0 163.0 0.1737 10278.9224
192.0 107.0 0.0391 10682.7033
76.0 127.0 0.1049 10485.3883
149.0 410.0 0.2014 10195.8548
20.0 169.0 0.0352 10694.4451
207.0 161.0 0.2335 10099.4219
73.0 399.0 0.0977 10507.0361
423.0 4.0 0.0460 10662.0655
356.0 182.0 0.1854 10243.8075
310.0 425.0 0.0445 10666.5382
352.0 409.0 0.0360 10691.9888
211.0 384.0 0.2522 10043.3899
361.0 314.0 0.1175 10447.5787
79.0 101.0 0.1131 10460.8432
168.0 57.0 0.0373 10687.9562
446.0 36.0 0.0360 10691.8884
87.0 426.0 0.1797 10260.8775
373.0 153.0 0.0403 10679.0074
142.0 253.0 0.0339 10698.2661
357.0 387.0 0.1187 10443.7586
