500.0 500.0
573.0	495.0	10315.7118	0.1614
591.0	578.0	10234.4344	0.1885
670.0	667.0	9577.4463	0.4075
477.0	482.0	10779.3038	0.0069
627.0	399.0	10546.6968	0.0844
386.0	440.0	9739.2036	0.3536
579.0	466.0	10031.9381	0.2560
580.0	368.0	9566.6238	0.4111
583.0	437.0	10288.3290	0.1706
622.0	740.0	10602.9406	0.0657
654.0	513.0	9857.2280	0.3143
600.0	530.0	9098.9930	0.5670
532.0	385.0	10687.8591	0.0374
698.0	326.0	10482.3337	0.1059
535.0	482.0	10180.3729	0.2065
745.0	660.0	10577.9319	0.0740
751.0	481.0	10137.0412	0.2210
277.0	460.0	10228.9771	0.1903
758.0	385.0	10524.5772	0.0918
667.0	352.0	10588.9759	0.0703
324.0	353.0	9163.4161	0.5455
545.0	622.0	10283.2954	0.1722
626.0	466.0	10461.8861	0.1127
540.0	462.0	10638.4960	0.0538
789.0	548.0	10370.0981	0.1433
567.0	708.0	10659.3334	0.0469
760.0	426.0	10542.1624	0.0859
702.0	337.0	9851.9411	0.3160
771.0	307.0	9920.8882	0.2930
746.0	359.0	10570.4129	0.0765
612.0	548.0	10522.2183	0.0926
175.0	422.0	10716.7694	0.0277
692.0	572.0	9355.4297	0.4815
554.0	772.0	10535.7669	0.0881
814.0	400.0	10582.6308	0.0725
646.0	654.0	10633.6120	0.0555
475.0	485.0	10258.8728	0.1804
789.0	637.0	10694.3054	0.0352
248.0	516.0	10554.3806	0.0819
675.0	437.0	10289.3957	0.1702
635.0	478.0	10614.5513	0.0618
599.0	374.0	9921.8779	0.2927
104.0	346.0	10549.7034	0.0834
496.0	777.0	10546.7579	0.0844
742.0	618.0	9832.5738	0.3225
768.0	254.0	9734.9374	0.3550
892.0	525.0	10557.1006	0.0810
783.0	235.0	10645.9471	0.0514
682.0	454.0	10554.0611	0.0820
584.0	584.0	10388.5358	0.1372
518.0	504.0	10565.7465	0.0781
134.0	342.0	10678.1548	0.0406
309.0	261.0	10370.1606	0.1433
612.0	751.0	10585.6572	0.0714
107.0	233.0	10516.4426	0.0945
93.0	374.0	10555.5134	0.0815
304.0	338.0	10500.2236	0.0999
210.0	340.0	10503.2107	0.0989
667.0	358.0	10136.9434	0.2210
444.0	406.0	10347.9941	0.1507
726.0	329.0	10552.1932	0.0826
425.0	495.0	10541.6448	0.0861
815.0	312.0	10513.5826	0.0955
492.0	411.0	10590.5462	0.0698
127.0	322.0	10590.7517	0.0697
378.0	425.0	10583.2405	0.0723
561.0	643.0	9863.3695	0.3122
713.0	805.0	10515.0881	0.0950
683.0	821.0	10523.5589	0.0921
760.0	741.0	10548.8921	0.0837
738.0	758.0	10580.6370	0.0731
823.0	558.0	10436.1160	0.1213
691.0	464.0	10492.3586	0.1025
905.0	664.0	10341.1226	0.1530
218.0	576.0	10522.7168	0.0924
764.0	649.0	9788.7321	0.3371
615.0	598.0	9005.1900	0.5983
297.0	584.0	10511.7534	0.0961
612.0	782.0	10292.6081	0.1691
639.0	652.0	10133.3147	0.2222
613.0	330.0	10229.9888	0.1900
865.0	243.0	10569.8751	0.0767
686.0	247.0	10518.8614	0.0937
769.0	204.0	10554.8413	0.0817
217.0	200.0	10498.5729	0.1005
455.0	507.0	10713.3970	0.0289
753.0	476.0	10482.4299	0.1059
838.0	157.0	10687.9487	0.0374
271.0	248.0	10694.9442	0.0350
684.0	912.0	10569.3505	0.0769
358.0	650.0	10598.7456	0.0671
676.0	408.0	9049.7567	0.5834
388.0	467.0	10550.2602	0.0832
946.0	604.0	10594.5211	0.0685
623.0	492.0	10359.7404	0.1468
564.0	326.0	10494.4336	0.1019
882.0	224.0	10614.1702	0.0619
624.0	730.0	10534.1815	0.0886
868.0	152.0	10585.5053	0.0715
434.0	851.0	10504.7165	0.0984
736.0	689.0	10522.3231	0.0926
810.0	297.0	10503.4191	0.0989
760.0	779.0	10505.8606	0.0980
197.0	288.0	10591.1750	0.0696
995.0	707.0	10736.5338	0.0212
682.0	216.0	10631.1231	0.0563
916.0	640.0	10494.2632	0.1019
499.0	629.0	9549.3075	0.4169
973.0	600.0	10503.5336	0.0988
279.0	429.0	10486.7845	0.1044
656.0	777.0	10665.7519	0.0447
338.0	296.0	10203.3901	0.1989
506.0	275.0	10622.3171	0.0592
495.0	707.0	10252.3424	0.1826
254.0	294.0	10596.9398	0.0677
948.0	700.0	10680.0730	0.0400
618.0	225.0	10265.7393	0.1781
409.0	618.0	10555.1165	0.0816
539.0	867.0	10241.9005	0.1860
243.0	257.0	10657.4389	0.0475
204.0	185.0	10643.8918	0.0520
700.0	609.0	10654.3123	0.0486
200.0	303.0	10634.1255	0.0553
869.0	171.0	10649.7809	0.0501
688.0	105.0	10605.3240	0.0649
657.0	352.0	9721.9919	0.3593
657.0	659.0	10138.7438	0.2204
434.0	767.0	10527.6984	0.0908
232.0	324.0	10123.2879	0.2256
480.0	546.0	10712.0461	0.0293
759.0	477.0	10617.3706	0.0609
990.0	220.0	10660.3417	0.0466
484.0	727.0	10537.0992	0.0876
873.0	603.0	10451.1536	0.1163
315.0	563.0	10541.2340	0.0863
466.0	560.0	10547.9458	0.0840
372.0	556.0	10377.1001	0.1410
805.0	609.0	10540.7973	0.0864
357.0	390.0	8398.7038	0.8004
366.0	426.0	10527.1791	0.0909
434.0	464.0	10313.7661	0.1621
237.0	411.0	9327.3119	0.4909
441.0	679.0	10617.5605	0.0608
110.0	262.0	10623.7238	0.0588
540.0	278.0	10600.6274	0.0665
790.0	768.0	10503.1133	0.0990
340.0	488.0	10626.7857	0.0577
800.0	756.0	10490.2700	0.1032
553.0	476.0	10768.8078	0.0104
556.0	965.0	10734.4947	0.0218
