500.0 500.0
526.0	575.0	10062.9893	0.2457
480.0	519.0	10666.7077	0.0444
564.0	576.0	10735.4009	0.0215
620.0	523.0	10524.9053	0.0917
455.0	416.0	10745.6074	0.0181
495.0	612.0	10586.0748	0.0713
583.0	554.0	10532.6127	0.0891
474.0	563.0	10623.6955	0.0588
498.0	595.0	10741.7260	0.0194
481.0	627.0	10658.6150	0.0471
564.0	661.0	9536.7022	0.4211
551.0	609.0	9629.6769	0.3901
595.0	642.0	7784.1749	1.0053
579.0	471.0	10597.4927	0.0675
605.0	432.0	10334.9343	0.1550
693.0	589.0	10506.6387	0.0978
606.0	531.0	10587.9943	0.0707
542.0	689.0	10489.1957	0.1036
625.0	733.0	9567.3872	0.4109
485.0	670.0	10524.6341	0.0918
586.0	531.0	10748.8083	0.0171
575.0	531.0	10674.8796	0.0417
688.0	738.0	10232.1109	0.1893
578.0	718.0	9591.0842	0.4030
594.0	555.0	10474.2570	0.1086
486.0	478.0	10724.8477	0.0251
637.0	475.0	10384.0016	0.1387
732.0	661.0	10519.5443	0.0935
634.0	543.0	10348.5551	0.1505
724.0	780.0	9820.7388	0.3264
622.0	726.0	10622.8801	0.0590
458.0	366.0	10114.7039	0.2284
442.0	303.0	10496.1532	0.1013
417.0	604.0	10642.2515	0.0526
620.0	678.0	10605.9119	0.0647
603.0	845.0	10457.5717	0.1141
655.0	570.0	9529.3241	0.4236
545.0	583.0	10744.4451	0.0185
618.0	777.0	10616.5870	0.0611
698.0	731.0	10179.5983	0.2068
628.0	658.0	10542.7610	0.0857
776.0	756.0	10502.2046	0.0993
692.0	555.0	10568.1241	0.0773
506.0	522.0	10779.2669	0.0069
500.0	615.0	10694.8210	0.0351
468.0	413.0	10748.4358	0.0172
459.0	549.0	10699.3876	0.0335
459.0	384.0	10018.5141	0.2605
560.0	501.0	10643.0777	0.0523
700.0	409.0	10505.3713	0.0982
624.0	356.0	10557.1644	0.0809
498.0	324.0	10530.4215	0.0899
451.0	224.0	10576.1468	0.0746
613.0	375.0	10510.2527	0.0966
386.0	633.0	10560.5414	0.0798
650.0	954.0	10510.0451	0.0967
575.0	674.0	10052.4119	0.2492
423.0	542.0	10587.9356	0.0707
477.0	493.0	10666.4521	0.0445
744.0	919.0	10505.0980	0.0983
528.0	768.0	10496.9215	0.1010
827.0	832.0	10701.7455	0.0328
738.0	624.0	10479.5449	0.1068
539.0	477.0	10592.5464	0.0692
452.0	493.0	10712.0455	0.0293
609.0	673.0	10515.1982	0.0949
739.0	616.0	10488.3064	0.1039
561.0	878.0	10144.6910	0.2184
433.0	637.0	10536.9773	0.0877
488.0	471.0	10724.5359	0.0252
576.0	506.0	10689.8122	0.0367
657.0	637.0	10523.4049	0.0922
370.0	375.0	10475.3851	0.1082
697.0	617.0	10535.5011	0.0882
784.0	653.0	10535.2028	0.0883
479.0	479.0	10778.3542	0.0072
511.0	711.0	10523.6896	0.0921
834.0	852.0	10645.5228	0.0515
592.0	316.0	10177.3133	0.2076
564.0	880.0	10494.8116	0.1017
757.0	818.0	10488.9214	0.1037
750.0	515.0	10571.0355	0.0763
549.0	531.0	9910.4483	0.2965
769.0	638.0	10638.6985	0.0538
735.0	603.0	10098.5863	0.2338
783.0	443.0	10548.9917	0.0837
629.0	810.0	10310.2512	0.1632
657.0	731.0	10718.5093	0.0272
306.0	443.0	10523.1634	0.0923
711.0	515.0	10551.3080	0.0829
364.0	162.0	10729.9524	0.0233
535.0	518.0	10594.5418	0.0685
401.0	423.0	10662.1874	0.0459
593.0	666.0	10480.0271	0.1067
636.0	799.0	10190.9256	0.2030
668.0	411.0	10582.1516	0.0726
512.0	164.0	10563.2990	0.0789
622.0	376.0	10644.1090	0.0520
367.0	459.0	10604.9021	0.0650
432.0	221.0	10563.7223	0.0788
675.0	829.0	10548.5333	0.0838
655.0	999.0	10519.1469	0.0936
508.0	517.0	9624.9391	0.3917
553.0	269.0	10683.3351	0.0389
725.0	387.0	10657.6661	0.0474
643.0	672.0	10230.0224	0.1900
474.0	935.0	10490.7930	0.1031
655.0	577.0	10485.9908	0.1047
416.0	125.0	10688.5782	0.0371
632.0	651.0	9799.2985	0.3336
419.0	457.0	10222.7914	0.1924
807.0	845.0	10131.0808	0.2230
760.0	479.0	10569.9043	0.0767
465.0	489.0	10776.5706	0.0078
441.0	151.0	10521.9227	0.0927
847.0	959.0	10668.1420	0.0440
380.0	537.0	10659.9529	0.0467
496.0	685.0	10600.4715	0.0665
354.0	424.0	10597.5307	0.0675
613.0	811.0	10473.3207	0.1089
531.0	388.0	10555.1663	0.0816
669.0	585.0	10538.6188	0.0871
468.0	571.0	10760.5643	0.0131
741.0	379.0	10576.2302	0.0746
469.0	668.0	10501.5463	0.0995
427.0	243.0	9786.4071	0.3379
382.0	328.0	10627.7468	0.0574
372.0	622.0	10548.9976	0.0837
348.0	369.0	10705.7125	0.0314
461.0	303.0	9762.8429	0.3457
890.0	634.0	10488.7936	0.1037
617.0	184.0	10630.1095	0.0566
650.0	499.0	10549.3030	0.0836
474.0	713.0	10545.0750	0.0850
655.0	860.0	10504.2805	0.0986
933.0	909.0	10582.3610	0.0725
291.0	461.0	10506.0668	0.0980
748.0	881.0	10200.2893	0.1999
662.0	574.0	10605.3245	0.0649
410.0	609.0	10596.7487	0.0678
519.0	638.0	10601.2407	0.0663
326.0	660.0	10527.2073	0.0909
702.0	453.0	10556.7660	0.0811
599.0	784.0	10598.1363	0.0673
735.0	690.0	10585.6488	0.0715
488.0	608.0	10717.9498	0.0274
603.0	384.0	10511.6122	0.0961
602.0	713.0	10149.5117	0.2168
616.0	740.0	10560.2202	0.0799
477.0	107.0	10569.7090	0.0768
