500.0 500.0
508.0	564.0	10767.0606	0.0110
448.0	538.0	10768.2381	0.0106
426.0	531.0	10600.8387	0.0664
521.0	581.0	10282.4057	0.1725
464.0	679.0	10352.9994	0.1490
360.0	615.0	10606.1764	0.0646
436.0	637.0	10536.7420	0.0878
447.0	568.0	10515.4838	0.0948
536.0	579.0	10753.1618	0.0156
489.0	674.0	10199.9320	0.2000
429.0	517.0	10761.4484	0.0129
464.0	750.0	9873.7953	0.3087
355.0	605.0	10372.6712	0.1424
374.0	522.0	10659.2868	0.0469
331.0	482.0	10566.4703	0.0778
406.0	695.0	10484.3534	0.1052
409.0	695.0	10505.5947	0.0981
420.0	480.0	10757.5200	0.0142
499.0	506.0	10725.9529	0.0247
299.0	455.0	10638.9406	0.0537
285.0	554.0	10497.0506	0.1010
494.0	451.0	10584.2138	0.0719
494.0	666.0	10276.3963	0.1745
489.0	838.0	10570.8823	0.0764
231.0	546.0	10518.4393	0.0939
342.0	671.0	10475.0437	0.1083
622.0	572.0	9885.9834	0.3047
294.0	702.0	10518.6296	0.0938
364.0	589.0	10472.2115	0.1093
359.0	692.0	10544.6501	0.0851
612.0	645.0	10647.9867	0.0507
461.0	548.0	10424.2855	0.1252
357.0	590.0	10626.5665	0.0578
384.0	877.0	10555.2532	0.0816
451.0	344.0	9613.8162	0.3954
559.0	791.0	10595.6506	0.0681
425.0	250.0	10354.1777	0.1486
555.0	752.0	10478.0758	0.1073
361.0	184.0	10563.8972	0.0787
258.0	499.0	10687.1024	0.0376
349.0	714.0	9943.9230	0.2854
480.0	627.0	9417.2883	0.4609
446.0	622.0	10628.5457	0.0572
330.0	734.0	10487.0523	0.1043
503.0	820.0	10501.8781	0.0994
397.0	605.0	10567.4394	0.0775
583.0	555.0	10632.7675	0.0557
618.0	718.0	10495.1544	0.1016
591.0	480.0	10211.6492	0.1961
374.0	565.0	10124.6111	0.2251
682.0	483.0	10349.3267	0.1502
233.0	598.0	10587.8885	0.0707
325.0	400.0	9730.0965	0.3566
447.0	824.0	10522.7762	0.0924
667.0	410.0	10620.9583	0.0597
567.0	714.0	9410.5396	0.4632
455.0	200.0	10575.0913	0.0750
777.0	404.0	10585.2898	0.0716
415.0	624.0	10535.8027	0.0881
267.0	618.0	10182.8488	0.2057
359.0	575.0	10495.0959	0.1016
377.0	497.0	10184.3211	0.2052
324.0	544.0	10394.3424	0.1352
369.0	555.0	10599.8817	0.0667
504.0	486.0	10122.3453	0.2259
215.0	567.0	10479.9734	0.1067
369.0	441.0	10322.1338	0.1593
554.0	658.0	10662.2290	0.0459
278.0	496.0	10551.9867	0.0827
520.0	395.0	10371.8576	0.1427
425.0	636.0	10517.1256	0.0943
418.0	208.0	10361.4359	0.1462
391.0	616.0	10476.2537	0.1079
289.0	503.0	10593.1316	0.0690
117.0	602.0	10551.2239	0.0829
317.0	614.0	10123.6032	0.2255
291.0	613.0	10485.1934	0.1049
563.0	757.0	10523.1223	0.0923
596.0	851.0	10599.3900	0.0669
420.0	580.0	9683.3998	0.3722
479.0	426.0	10759.5634	0.0135
291.0	615.0	10476.1931	0.1079
549.0	169.0	10756.8926	0.0144
549.0	530.0	10114.9398	0.2284
327.0	913.0	10675.4651	0.0415
764.0	459.0	10403.7137	0.1321
506.0	585.0	10755.0757	0.0150
519.0	668.0	10355.1337	0.1483
360.0	490.0	10605.0318	0.0650
277.0	971.0	10638.1928	0.0539
661.0	823.0	10580.6508	0.0731
311.0	668.0	10603.0758	0.0656
829.0	544.0	10472.1788	0.1093
780.0	447.0	9989.5975	0.2701
428.0	490.0	10027.7802	0.2574
358.0	693.0	10530.5499	0.0898
512.0	459.0	10776.0579	0.0080
223.0	376.0	10474.1891	0.1086
819.0	387.0	10518.4402	0.0939
635.0	413.0	8519.9779	0.7600
238.0	575.0	10463.2323	0.1123
721.0	527.0	10380.6090	0.1398
363.0	988.0	10666.7890	0.0444
900.0	356.0	10544.9853	0.0850
587.0	838.0	10667.3162	0.0442
176.0	555.0	10550.0724	0.0833
242.0	272.0	10221.2503	0.1929
737.0	354.0	10692.2538	0.0359
800.0	607.0	10706.2882	0.0312
443.0	170.0	10488.8866	0.1037
889.0	495.0	10254.3097	0.1819
530.0	654.0	9814.5177	0.3285
916.0	421.0	10506.3149	0.0979
355.0	861.0	9563.7957	0.4121
491.0	796.0	10560.6054	0.0798
242.0	822.0	10244.7616	0.1851
469.0	134.0	10512.8823	0.0957
631.0	333.0	10534.1096	0.0886
298.0	481.0	10647.5600	0.0508
425.0	537.0	10670.3898	0.0432
518.0	597.0	10536.9743	0.0877
203.0	372.0	10663.1258	0.0456
285.0	161.0	10598.7375	0.0671
420.0	988.0	10594.2356	0.0686
594.0	538.0	10731.7180	0.0228
612.0	808.0	10725.0046	0.0250
416.0	109.0	10592.5569	0.0691
405.0	324.0	9862.7644	0.3124
327.0	680.0	10619.6382	0.0601
381.0	805.0	10219.6299	0.1935
569.0	250.0	9889.1311	0.3036
647.0	371.0	10676.8730	0.0410
930.0	400.0	10501.3319	0.0996
403.0	574.0	10678.3084	0.0406
406.0	597.0	9978.9732	0.2737
353.0	693.0	10483.1018	0.1056
183.0	673.0	10561.4947	0.0795
226.0	275.0	10483.3645	0.1055
551.0	819.0	10511.9365	0.0960
588.0	617.0	10568.8253	0.0771
487.0	559.0	10159.0990	0.2136
342.0	710.0	10534.7723	0.0884
987.0	487.0	10740.9315	0.0197
513.0	360.0	10126.2438	0.2246
174.0	945.0	10604.9676	0.0650
230.0	207.0	10766.7588	0.0111
250.0	722.0	10496.8293	0.1011
772.0	591.0	9955.2317	0.2816
285.0	701.0	10467.9987	0.1107
731.0	597.0	10512.3675	0.0959
