500.0 500.0
546.0	434.0	10291.3430	0.1696
505.0	351.0	9683.1230	0.3723
472.0	361.0	9617.2632	0.3942
506.0	342.0	10496.7450	0.1011
482.0	426.0	10760.8176	0.0131
523.0	494.0	10779.4318	0.0069
540.0	509.0	10533.6479	0.0888
563.0	277.0	10517.6095	0.0941
597.0	311.0	10512.4077	0.0959
576.0	568.0	9784.8552	0.3384
649.0	335.0	10474.0415	0.1087
489.0	612.0	10579.5678	0.0735
582.0	332.0	10642.8765	0.0524
489.0	465.0	10017.3277	0.2609
540.0	405.0	10093.7468	0.2354
492.0	321.0	10328.2445	0.1573
627.0	449.0	9965.3425	0.2782
699.0	263.0	10615.9807	0.0613
506.0	493.0	10781.7754	0.0061
647.0	314.0	10152.2871	0.2159
589.0	425.0	10694.1627	0.0353
579.0	297.0	10597.0855	0.0676
405.0	436.0	9749.7153	0.3501
531.0	428.0	10604.6108	0.0651
595.0	657.0	10198.8558	0.2004
492.0	311.0	10505.1283	0.0983
468.0	578.0	10597.6464	0.0675
360.0	515.0	9658.4403	0.3805
517.0	374.0	9943.2559	0.2856
551.0	655.0	9976.0666	0.2746
418.0	497.0	10677.6952	0.0408
420.0	394.0	10044.4467	0.2519
667.0	414.0	10131.8185	0.2227
562.0	494.0	10569.9472	0.0767
621.0	541.0	10658.4309	0.0472
697.0	717.0	9452.6387	0.4491
446.0	464.0	10766.2472	0.0113
691.0	367.0	10484.1603	0.1053
530.0	296.0	10232.6093	0.1891
546.0	662.0	10589.5976	0.0701
519.0	421.0	10757.3975	0.0142
688.0	658.0	8537.9737	0.7540
561.0	428.0	10654.9509	0.0483
691.0	482.0	10525.9657	0.0913
422.0	329.0	10529.4458	0.0902
649.0	199.0	9575.6677	0.4081
685.0	102.0	10728.1298	0.0240
519.0	235.0	10605.9376	0.0647
590.0	382.0	10287.3663	0.1709
257.0	536.0	10726.6929	0.0244
436.0	216.0	9979.2354	0.2736
485.0	482.0	10502.8204	0.0991
600.0	32.0	10668.4414	0.0439
723.0	283.0	10250.3541	0.1832
537.0	214.0	10350.2176	0.1499
500.0	117.0	10604.8278	0.0651
776.0	659.0	10756.2448	0.0146
638.0	726.0	10681.8976	0.0394
703.0	808.0	8761.5730	0.6795
804.0	867.0	10696.6213	0.0345
624.0	484.0	10669.2575	0.0436
778.0	743.0	10547.5372	0.0842
455.0	525.0	10582.2188	0.0726
757.0	641.0	10771.0064	0.0097
516.0	256.0	9661.6830	0.3794
548.0	578.0	10748.2800	0.0172
566.0	438.0	10582.9531	0.0723
568.0	535.0	10233.0239	0.1890
797.0	658.0	10734.4596	0.0218
445.0	467.0	10555.7817	0.0814
452.0	138.0	10631.1640	0.0563
532.0	303.0	9438.9515	0.4537
334.0	267.0	9907.1716	0.2976
632.0	341.0	10573.0183	0.0757
734.0	194.0	10554.7710	0.0817
523.0	303.0	10474.5885	0.1085
698.0	474.0	10624.1517	0.0586
532.0	350.0	10532.8670	0.0890
326.0	177.0	10166.7612	0.2111
332.0	473.0	10229.8155	0.1901
784.0	876.0	10492.6862	0.1024
598.0	154.0	10501.5695	0.0995
788.0	964.0	10510.3689	0.0965
738.0	351.0	10280.1592	0.1733
441.0	600.0	10695.1149	0.0350
389.0	103.0	10672.0890	0.0426
797.0	810.0	9956.2978	0.2812
778.0	264.0	10570.3396	0.0766
679.0	745.0	10484.0029	0.1053
422.0	338.0	9811.5688	0.3295
313.0	415.0	10087.3736	0.2375
167.0	458.0	10512.9207	0.0957
712.0	195.0	10160.9568	0.2130
471.0	175.0	10556.4720	0.0812
725.0	81.0	10603.0356	0.0657
234.0	342.0	10719.4408	0.0269
180.0	516.0	10494.7241	0.1018
609.0	775.0	10634.6862	0.0551
230.0	256.0	10702.6820	0.0324
679.0	946.0	10607.1301	0.0643
482.0	427.0	10760.0726	0.0133
357.0	624.0	10380.5258	0.1398
802.0	757.0	10527.1691	0.0909
687.0	488.0	10542.1801	0.0859
366.0	210.0	10608.4768	0.0638
535.0	544.0	10706.6105	0.0311
881.0	325.0	10569.3668	0.0769
273.0	439.0	10499.0124	0.1003
407.0	432.0	10697.8771	0.0340
629.0	295.0	10494.7092	0.1018
343.0	89.0	10511.6344	0.0961
313.0	333.0	9929.3802	0.2902
870.0	230.0	10512.5316	0.0958
479.0	423.0	10761.1146	0.0130
531.0	232.0	10588.2357	0.0706
505.0	319.0	10563.4297	0.0789
623.0	108.0	10528.1266	0.0906
487.0	583.0	10757.9417	0.0140
654.0	340.0	9404.1931	0.4653
244.0	68.0	10620.8036	0.0597
812.0	306.0	10534.8021	0.0884
230.0	195.0	10660.9670	0.0463
594.0	559.0	10711.5938	0.0295
520.0	522.0	10323.4784	0.1588
301.0	256.0	10561.9412	0.0794
876.0	973.0	10626.5446	0.0578
143.0	536.0	10598.9413	0.0670
318.0	630.0	10132.2829	0.2226
471.0	203.0	10492.0389	0.1027
706.0	730.0	10635.2975	0.0549
467.0	435.0	10622.4194	0.0592
779.0	687.0	10725.0945	0.0250
252.0	693.0	10668.6663	0.0438
805.0	870.0	10687.2445	0.0376
448.0	661.0	10503.2941	0.0989
797.0	367.0	10605.0215	0.0650
709.0	464.0	10261.6574	0.1794
244.0	431.0	10578.1679	0.0739
834.0	114.0	10566.2541	0.0779
532.0	774.0	10684.2118	0.0386
672.0	270.0	10608.4653	0.0638
684.0	62.0	10597.8747	0.0674
175.0	599.0	10566.9576	0.0777
710.0	430.0	10587.3636	0.0709
649.0	777.0	10499.6990	0.1001
591.0	615.0	8638.3124	0.7206
341.0	560.0	10686.3519	0.0379
576.0	64.0	10496.5979	0.1011
454.0	761.0	10527.9204	0.0907
464.0	687.0	10485.7947	0.1047
132.0	522.0	10591.4951	0.0695
664.0	338.0	9914.2153	0.2953
228.0	599.0	10172.1140	0.2093
765.0	393.0	10549.2839	0.0836
406.0	418.0	10672.9219	0.0424
812.0	937.0	10476.6720	0.1078
89.0	555.0	10575.1189	0.0750
773.0	970.0	10743.5893	0.0188
573.0	42.0	10720.4743	0.0265
788.0	247.0	10519.4601	0.0935
548.0	459.0	9862.9663	0.3123
324.0	147.0	10686.7069	0.0378
586.0	255.0	10161.2536	0.2129
691.0	126.0	10519.8817	0.0934
259.0	458.0	10005.8559	0.2647
609.0	256.0	10243.3007	0.1856
709.0	610.0	8312.9200	0.8290
547.0	203.0	10522.3288	0.0926
817.0	592.0	10714.4585	0.0285
582.0	338.0	8156.4931	0.8812
405.0	168.0	10598.8564	0.0670
549.0	145.0	9737.3807	0.3542
957.0	1000.0	10493.4337	0.1022
838.0	556.0	10493.9926	0.1020
637.0	289.0	10491.0486	0.1030
