500.0 500.0
152.0	15.0	10747.9122	0.0174
5.0	115.0	10551.5928	0.0828
30.0	173.0	10635.6433	0.0548
71.0	249.0	10534.2758	0.0886
1.0	416.0	10655.7954	0.0481
23.0	385.0	10482.9233	0.1057
66.0	647.0	10587.8139	0.0707
2.0	524.0	10526.7427	0.0911
121.0	648.0	10575.7283	0.0748
80.0	683.0	10633.5979	0.0555
5.0	773.0	10598.1135	0.0673
8.0	912.0	10607.2683	0.0642
63.0	954.0	10540.1735	0.0866
45.0	86.0	10596.0050	0.0680
71.0	146.0	10566.1484	0.0780
27.0	155.0	10572.7577	0.0757
71.0	259.0	10522.3768	0.0925
192.0	406.0	9817.8853	0.3274
218.0	395.0	10491.6250	0.1028
253.0	424.0	9865.3125	0.3116
194.0	653.0	10512.3750	0.0959
210.0	648.0	10276.5037	0.1745
62.0	728.0	10524.4844	0.0918
194.0	879.0	9834.4855	0.3218
141.0	871.0	10231.0091	0.1897
94.0	910.0	10722.2264	0.0259
205.0	90.0	10401.3542	0.1329
230.0	57.0	10559.4842	0.0802
127.0	200.0	10202.6534	0.1991
216.0	169.0	10450.6236	0.1165
123.0	266.0	9834.3011	0.3219
163.0	312.0	10322.1002	0.1593
108.0	346.0	10347.5052	0.1508
204.0	451.0	9964.1649	0.2786
125.0	615.0	10367.3476	0.1442
166.0	637.0	10542.2338	0.0859
289.0	675.0	10673.8783	0.0420
136.0	722.0	10616.6835	0.0611
218.0	903.0	10484.9409	0.1050
204.0	950.0	10732.3017	0.0226
259.0	48.0	10533.3803	0.0889
317.0	170.0	10505.8193	0.0981
297.0	191.0	9726.9211	0.3577
223.0	235.0	9847.5632	0.3175
332.0	372.0	8836.3941	0.6545
265.0	489.0	10621.9375	0.0594
274.0	473.0	10646.8750	0.0510
265.0	625.0	9717.5466	0.3608
316.0	648.0	6834.5304	1.3218
253.0	785.0	10546.3909	0.0845
342.0	756.0	9817.5288	0.3275
261.0	866.0	10180.6215	0.2065
259.0	989.0	10671.9036	0.0427
320.0	78.0	10742.8122	0.0191
336.0	166.0	10233.1111	0.1890
262.0	200.0	9539.8955	0.4200
348.0	170.0	8785.0230	0.6717
398.0	274.0	9796.6562	0.3344
317.0	313.0	10735.1749	0.0216
375.0	272.0	9542.5570	0.4191
402.0	497.0	9773.2902	0.3422
372.0	522.0	6250.9295	1.1779
427.0	762.0	8426.9502	0.7910
303.0	768.0	10067.0385	0.2443
268.0	787.0	10023.4960	0.2588
314.0	824.0	10650.5466	0.0498
420.0	986.0	10592.4108	0.0692
423.0	86.0	10707.8818	0.0307
380.0	87.0	10752.4857	0.0158
391.0	78.0	10732.5257	0.0225
387.0	309.0	6279.5215	1.2660
376.0	393.0	9852.5186	0.3158
490.0	498.0	10616.7545	0.0611
443.0	510.0	10769.5428	0.0102
521.0	547.0	10710.8144	0.0297
401.0	625.0	8667.2226	0.7109
510.0	648.0	10567.6353	0.0775
416.0	842.0	10686.7416	0.0378
408.0	815.0	10316.2521	0.1612
375.0	940.0	10658.8628	0.0470
360.0	9.0	10484.5622	0.1051
478.0	113.0	10613.2192	0.0623
507.0	112.0	10698.9150	0.0337
528.0	384.0	7423.0411	1.1257
514.0	342.0	7342.6420	1.1525
522.0	436.0	9847.0836	0.3176
508.0	545.0	9851.8650	0.3160
478.0	543.0	10773.3372	0.0089
510.0	640.0	10591.2798	0.0696
508.0	627.0	9410.4235	0.4632
485.0	691.0	9724.2208	0.3586
404.0	841.0	10754.8032	0.0151
493.0	864.0	10676.1774	0.0413
544.0	868.0	10486.1066	0.1046
698.0	72.0	10577.5747	0.0741
636.0	90.0	10647.0896	0.0510
600.0	179.0	8177.5877	0.8741
544.0	309.0	8640.3924	0.7199
573.0	397.0	9099.2710	0.5669
656.0	479.0	10161.1521	0.2129
608.0	522.0	8114.8811	0.8950
599.0	584.0	10460.4856	0.1132
609.0	653.0	7789.5511	1.0035
500.0	822.0	10632.5630	0.0558
559.0	834.0	10245.6268	0.1848
577.0	853.0	10498.3651	0.1005
607.0	905.0	10605.3314	0.0649
668.0	0.0	10742.1542	0.0193
663.0	78.0	10539.3463	0.0869
580.0	142.0	10361.0461	0.1463
615.0	277.0	9487.4443	0.4375
622.0	369.0	10681.0398	0.0397
659.0	469.0	10496.5989	0.1011
609.0	478.0	10714.9237	0.0284
578.0	602.0	8467.7162	0.7774
658.0	719.0	7904.9515	0.9650
601.0	588.0	10626.9818	0.0577
629.0	768.0	10413.6494	0.1288
655.0	838.0	10690.6434	0.0365
733.0	891.0	10620.9596	0.0597
584.0	907.0	10567.7272	0.0774
741.0	109.0	10153.9036	0.2154
668.0	49.0	10566.7492	0.0778
711.0	233.0	10498.5165	0.1005
777.0	269.0	10674.4138	0.0419
716.0	329.0	7694.4850	1.0352
715.0	471.0	9069.9407	0.5767
779.0	551.0	10588.6602	0.0704
753.0	576.0	10515.3460	0.0949
743.0	652.0	10479.2432	0.1069
723.0	755.0	8680.1689	0.7066
694.0	857.0	9570.2918	0.4099
652.0	955.0	10534.7909	0.0884
762.0	863.0	10700.8617	0.0330
786.0	1.0	10576.2245	0.0746
716.0	65.0	10493.2238	0.1023
819.0	137.0	10328.0425	0.1573
796.0	212.0	10113.9477	0.2287
819.0	259.0	10669.1422	0.0436
828.0	453.0	10425.5799	0.1248
824.0	425.0	10542.8020	0.0857
813.0	542.0	10226.0427	0.1913
742.0	580.0	8697.5315	0.7008
883.0	628.0	10560.4922	0.0798
793.0	789.0	10223.2644	0.1922
837.0	816.0	10285.3313	0.1716
861.0	920.0	10557.7594	0.0807
817.0	954.0	9465.2888	0.4449
884.0	65.0	10550.0158	0.0833
845.0	68.0	10242.6397	0.1858
889.0	209.0	10660.6479	0.0465
823.0	357.0	10490.6775	0.1031
958.0	375.0	10533.2988	0.0889
839.0	383.0	10529.1563	0.0903
969.0	568.0	10499.2332	0.1003
961.0	667.0	10741.1698	0.0196
917.0	673.0	10705.8669	0.0314
756.0	725.0	10567.6868	0.0774
854.0	812.0	10578.7646	0.0737
976.0	941.0	10478.1616	0.1073
910.0	987.0	10734.2240	0.0219
894.0	0.0	10511.4150	0.0962
991.0	32.0	10550.4291	0.0832
946.0	238.0	10502.5202	0.0992
809.0	313.0	10654.3909	0.0485
960.0	410.0	10597.0781	0.0676
953.0	340.0	10511.6396	0.0961
943.0	486.0	10595.9555	0.0680
954.0	533.0	10594.8291	0.0684
960.0	676.0	10739.2109	0.0203
999.0	778.0	10638.7951	0.0537
869.0	640.0	9648.9969	0.3837
962.0	866.0	10630.3538	0.0565
940.0	964.0	10676.2723	0.0412
927.0	924.0	10601.6462	0.0661
