500.0 500.0
27.0	8.0	10611.5498	0.0628
87.0	173.0	10628.2859	0.0572
96.0	127.0	10387.8399	0.1374
21.0	316.0	10585.4098	0.0715
32.0	287.0	10614.3646	0.0619
141.0	452.0	10273.6498	0.1755
75.0	477.0	10559.1215	0.0803
26.0	613.0	10566.5281	0.0778
102.0	544.0	10615.5679	0.0615
55.0	780.0	10567.6006	0.0775
44.0	766.0	10584.1303	0.0720
24.0	945.0	10707.8167	0.0307
55.0	949.0	10509.1961	0.0969
67.0	135.0	10607.4031	0.0642
186.0	117.0	10491.8953	0.1027
70.0	168.0	10542.7390	0.0858
139.0	222.0	10527.5078	0.0908
165.0	321.0	10510.2416	0.0966
88.0	437.0	10771.2061	0.0096
110.0	458.0	10470.3663	0.1099
171.0	591.0	9768.8107	0.3437
109.0	657.0	10643.4207	0.0522
169.0	820.0	10466.2174	0.1113
119.0	885.0	10249.2968	0.1836
102.0	688.0	10542.3107	0.0859
152.0	961.0	10510.5691	0.0965
199.0	48.0	10621.0157	0.0597
234.0	142.0	10544.2600	0.0852
148.0	247.0	10476.6831	0.1078
217.0	272.0	10281.3873	0.1729
119.0	241.0	10532.8146	0.0891
226.0	348.0	9565.7774	0.4114
314.0	520.0	10291.4238	0.1695
130.0	479.0	10570.6595	0.0764
116.0	543.0	10529.4157	0.0902
138.0	658.0	10508.5105	0.0972
154.0	829.0	10313.9341	0.1620
157.0	817.0	10638.0761	0.0540
110.0	964.0	10513.0596	0.0956
114.0	887.0	10507.1952	0.0976
400.0	56.0	10508.0309	0.0973
332.0	157.0	10146.7249	0.2178
221.0	183.0	8704.9943	0.6983
335.0	256.0	10494.1816	0.1019
257.0	371.0	10391.0268	0.1363
268.0	528.0	9088.0137	0.5707
269.0	472.0	10623.9762	0.0587
227.0	603.0	9712.0251	0.3627
236.0	664.0	10535.0110	0.0883
235.0	709.0	9309.5457	0.4968
260.0	833.0	10058.4375	0.2472
308.0	864.0	10534.2608	0.0886
303.0	909.0	10672.9448	0.0424
381.0	29.0	10591.7379	0.0694
260.0	38.0	10608.3630	0.0639
381.0	238.0	10566.7356	0.0778
378.0	268.0	10692.1758	0.0359
478.0	405.0	10163.5718	0.2121
352.0	382.0	6991.2601	1.2696
325.0	452.0	8432.6200	0.7891
337.0	548.0	9936.3081	0.2879
373.0	613.0	10540.7603	0.0864
330.0	633.0	10666.4097	0.0445
401.0	744.0	9555.1292	0.4150
333.0	790.0	10469.4408	0.1102
269.0	862.0	10266.3976	0.1779
396.0	919.0	10639.0135	0.0537
412.0	41.0	10696.2508	0.0346
370.0	239.0	9040.2427	0.5866
441.0	222.0	10675.6796	0.0414
367.0	311.0	10047.6455	0.2508
353.0	332.0	10062.7503	0.2457
359.0	363.0	10522.4123	0.0925
425.0	552.0	7307.6979	1.1641
429.0	592.0	10140.5029	0.2198
487.0	652.0	9605.8540	0.3980
373.0	668.0	9256.0866	0.5146
355.0	742.0	8527.2733	0.7576
460.0	946.0	10595.6550	0.0681
427.0	899.0	10511.9693	0.0960
630.0	31.0	10508.6747	0.0971
454.0	201.0	10652.2882	0.0492
461.0	147.0	10114.6609	0.2284
503.0	282.0	7490.1119	1.1033
501.0	423.0	8650.3759	0.7165
536.0	277.0	10533.9792	0.0887
537.0	422.0	10753.8243	0.0154
497.0	527.0	10722.7946	0.0257
464.0	631.0	8452.2121	0.7826
514.0	570.0	9242.4249	0.5192
549.0	772.0	9449.7069	0.4501
473.0	837.0	10685.2771	0.0382
512.0	841.0	10305.2231	0.1649
561.0	893.0	10520.6942	0.0931
514.0	107.0	10623.2787	0.0589
608.0	169.0	10517.3541	0.0942
585.0	151.0	10518.8090	0.0937
707.0	268.0	8658.0719	0.7140
611.0	270.0	10539.3156	0.0869
539.0	462.0	9150.7853	0.5497
609.0	502.0	8427.0758	0.7910
580.0	617.0	9130.6344	0.5565
651.0	679.0	10742.6126	0.0191
593.0	721.0	9782.7188	0.3391
481.0	885.0	10644.3231	0.0519
467.0	805.0	9892.5875	0.3025
547.0	987.0	10539.9476	0.0867
607.0	65.0	10691.4698	0.0362
627.0	47.0	10602.6279	0.0658
589.0	181.0	10029.6129	0.2568
634.0	341.0	10535.4448	0.0882
713.0	357.0	10150.7283	0.2164
674.0	406.0	6250.9295	1.1779
689.0	520.0	9890.4225	0.3032
663.0	621.0	10494.4547	0.1018
640.0	629.0	8548.6708	0.7504
637.0	666.0	7507.3499	1.0976
638.0	729.0	10667.8104	0.0441
634.0	805.0	8770.2649	0.6766
679.0	888.0	10466.6340	0.1111
679.0	971.0	10593.7375	0.0688
774.0	166.0	10523.1686	0.0923
738.0	153.0	10541.5373	0.0862
771.0	199.0	10615.3263	0.0616
756.0	198.0	10653.3108	0.0489
691.0	308.0	10525.6702	0.0914
766.0	436.0	10426.1094	0.1246
727.0	482.0	10088.0929	0.2373
701.0	563.0	10591.9839	0.0693
795.0	657.0	10492.2521	0.1026
767.0	721.0	10521.0235	0.0930
739.0	862.0	10683.4977	0.0388
692.0	905.0	10700.9000	0.0330
704.0	965.0	10758.4980	0.0138
794.0	8.0	10511.0680	0.0963
787.0	119.0	10222.5786	0.1925
798.0	271.0	10062.8311	0.2457
866.0	357.0	10516.7012	0.0944
819.0	334.0	10479.8770	0.1067
783.0	414.0	10595.0562	0.0683
796.0	513.0	10368.7405	0.1438
820.0	551.0	10630.7856	0.0564
767.0	654.0	10181.3771	0.2062
771.0	707.0	8675.0058	0.7083
768.0	862.0	10309.0886	0.1636
831.0	849.0	9890.5174	0.3032
943.0	886.0	10713.0192	0.0290
811.0	947.0	10565.6071	0.0781
949.0	26.0	10527.7467	0.0908
876.0	63.0	10580.8477	0.0731
974.0	65.0	10584.3238	0.0719
883.0	176.0	10478.4805	0.1072
862.0	269.0	9549.6752	0.4168
895.0	391.0	10617.1290	0.0610
843.0	470.0	10418.4663	0.1272
863.0	563.0	10481.2350	0.1063
844.0	600.0	10564.0358	0.0787
909.0	715.0	10510.5760	0.0965
871.0	803.0	10133.7813	0.2221
824.0	909.0	10565.8315	0.0781
915.0	926.0	10637.3116	0.0542
896.0	23.0	10579.7356	0.0734
977.0	42.0	10613.4795	0.0622
954.0	179.0	10295.5981	0.1681
917.0	215.0	10522.3904	0.0925
911.0	382.0	10497.2172	0.1009
971.0	360.0	10513.5828	0.0955
962.0	457.0	10686.9110	0.0377
982.0	533.0	10527.2393	0.0909
881.0	628.0	10078.4397	0.2405
930.0	764.0	10583.3144	0.0722
965.0	751.0	10536.4863	0.0878
899.0	853.0	10644.7904	0.0517
952.0	945.0	10521.9540	0.0927
938.0	955.0	10544.3264	0.0852
