250.0 250.0
16.0 12.0 0.0074 10777.9271
40.0 10.0 0.0075 10777.5519
77.0 21.0 0.0061 10781.8255
107.0 18.0 0.0063 10781.1282
127.0 22.0 0.0075 10777.5762
169.0 20.0 0.0078 10776.7284
183.0 12.0 0.0082 10775.4912
226.0 19.0 0.0076 10777.2424
243.0 16.0 0.0078 10776.6855
284.0 20.0 0.0075 10777.6409
307.0 16.0 0.0083 10775.1402
329.0 22.0 0.0072 10778.3739
372.0 8.0 0.0061 10781.6284
388.0 18.0 0.0079 10776.2747
423.0 8.0 0.0080 10776.0488
459.0 13.0 0.0066 10780.2385
484.0 17.0 0.0064 10780.7379
8.0 39.0 0.0063 10781.1689
44.0 49.0 0.0067 10779.8257
74.0 37.0 0.0064 10780.7740
111.0 47.0 0.0071 10778.5892
136.0 42.0 0.0072 10778.3433
163.0 48.0 0.0072 10778.4636
194.0 36.0 0.0057 10782.7615
225.0 49.0 0.0067 10780.0416
249.0 39.0 0.0081 10775.7002
271.0 52.0 0.0071 10778.7940
316.0 52.0 0.0073 10778.0654
334.0 47.0 0.0071 10778.6151
360.0 37.0 0.0069 10779.4055
401.0 35.0 0.0072 10778.3255
428.0 45.0 0.0063 10781.2059
449.0 50.0 0.0078 10776.6338
492.0 41.0 0.0058 10782.6822
16.0 79.0 0.0079 10776.3704
36.0 65.0 0.0070 10779.0111
69.0 81.0 0.0338 10698.4589
104.0 65.0 0.0186 10744.2351
127.0 64.0 0.0206 10738.1782
162.0 69.0 0.0220 10734.0907
183.0 77.0 0.0067 10779.8939
218.0 68.0 0.0052 10784.3586
257.0 66.0 0.0053 10784.0568
281.0 78.0 0.0077 10776.8998
304.0 72.0 0.0072 10778.4108
338.0 72.0 0.0200 10740.0774
359.0 71.0 0.0204 10738.8068
405.0 73.0 0.0215 10735.5680
431.0 71.0 0.0346 10696.2895
457.0 80.0 0.0072 10778.5054
479.0 69.0 0.0060 10781.9376
9.0 108.0 0.0073 10778.0701
38.0 106.0 0.0068 10779.5791
77.0 102.0 0.0060 10781.9005
100.0 111.0 0.0566 10630.2670
131.0 110.0 0.0191 10742.6060
162.0 111.0 0.0071 10778.7304
199.0 100.0 0.0489 10653.2896
215.0 103.0 0.0201 10739.6933
257.0 103.0 0.0405 10678.6184
283.0 100.0 0.0207 10737.8133
310.0 101.0 0.0363 10691.0891
338.0 96.0 0.0199 10740.4480
374.0 105.0 0.0329 10701.1777
389.0 107.0 0.0212 10736.4362
421.0 97.0 0.0193 10742.1164
459.0 99.0 0.0070 10778.9210
486.0 98.0 0.0073 10778.0661
23.0 127.0 0.0069 10779.4320
51.0 135.0 0.0068 10779.5594
65.0 131.0 0.0074 10777.7078
95.0 134.0 0.0201 10739.7665
140.0 129.0 0.0829 10551.4479
167.0 132.0 0.0437 10668.8675
192.0 135.0 0.0079 10776.2055
215.0 131.0 0.0078 10776.4984
241.0 127.0 0.0772 10568.5010
280.0 127.0 0.0430 10671.0092
304.0 135.0 0.0333 10700.2428
332.0 124.0 0.0510 10647.0361
369.0 132.0 0.0485 10654.6386
404.0 140.0 0.0192 10742.3467
430.0 126.0 0.0196 10741.0993
452.0 126.0 0.0065 10780.6172
490.0 128.0 0.0078 10776.7086
15.0 165.0 0.0076 10777.2246
46.0 162.0 0.0066 10780.2603
70.0 161.0 0.0076 10777.1745
100.0 155.0 0.0351 10694.7981
126.0 157.0 0.0349 10695.3192
167.0 152.0 0.0760 10571.9258
185.0 156.0 0.0430 10670.9305
212.0 164.0 0.0065 10780.5662
246.0 170.0 0.0845 10546.4221
283.0 160.0 0.0294 10711.8305
317.0 168.0 0.0455 10663.5170
337.0 170.0 0.0782 10565.5046
373.0 159.0 0.0482 10655.3283
400.0 154.0 0.0216 10735.2250
428.0 169.0 0.0064 10780.8682
450.0 167.0 0.0070 10779.0173
492.0 162.0 0.0057 10782.9315
21.0 197.0 0.0070 10779.0688
45.0 194.0 0.0073 10778.2028
80.0 191.0 0.0077 10776.9713
100.0 189.0 0.0174 10747.8546
138.0 182.0 0.0197 10740.7635
165.0 185.0 0.0510 10647.1364
196.0 188.0 0.1082 10475.4621
214.0 186.0 0.1315 10405.5208
257.0 195.0 0.1349 10395.2222
280.0 197.0 0.0505 10648.4655
313.0 198.0 0.1117 10464.9634
330.0 192.0 0.0072 10778.5001
369.0 186.0 0.0467 10659.8694
395.0 186.0 0.0462 10661.5201
429.0 189.0 0.0322 10703.5397
460.0 188.0 0.0072 10778.4176
481.0 187.0 0.0072 10778.4292
19.0 217.0 0.0072 10778.3709
42.0 218.0 0.0073 10778.0841
74.0 224.0 0.0072 10778.4775
103.0 216.0 0.0338 10698.5069
125.0 228.0 0.0560 10632.0912
164.0 216.0 0.0907 10527.9958
188.0 220.0 0.0763 10570.9508
225.0 219.0 0.1603 10319.0062
257.0 226.0 0.2279 10116.4350
287.0 217.0 0.2358 10092.6150
301.0 212.0 0.0504 10648.8559
340.0 217.0 0.0344 10696.7741
374.0 217.0 0.0216 10735.0764
388.0 224.0 0.0214 10735.7609
423.0 228.0 0.0072 10778.3267
454.0 220.0 0.0070 10778.9725
478.0 219.0 0.0084 10774.9381
14.0 249.0 0.0076 10777.2244
41.0 254.0 0.0084 10774.9160
70.0 244.0 0.0061 10781.5821
100.0 246.0 0.0280 10716.0722
131.0 255.0 0.0208 10737.5046
163.0 254.0 0.0478 10656.7121
197.0 243.0 0.0792 10562.5221
222.0 258.0 0.3108 9867.7102
249.0 255.0 0.0303 10709.0526
276.0 248.0 0.0034 10789.9350
304.0 245.0 0.1122 10463.3082
342.0 248.0 0.0895 10531.4486
373.0 241.0 0.0785 10564.4996
393.0 255.0 0.0081 10775.7315
428.0 251.0 0.0073 10778.0680
462.0 251.0 0.0079 10776.1591
483.0 245.0 0.0066 10780.1821
22.0 286.0 0.0067 10779.7615
43.0 271.0 0.0080 10775.8642
65.0 283.0 0.0191 10742.5859
105.0 282.0 0.0457 10663.0395
138.0 275.0 0.0614 10615.9469
166.0 286.0 0.0356 10693.1642
196.0 283.0 0.0056 10783.2867
217.0 270.0 0.0735 10579.4163
241.0 280.0 0.1008 10497.5815
272.0 287.0 0.1578 10326.6798
303.0 285.0 0.0982 10505.5133
330.0 271.0 0.0728 10581.5446
364.0 276.0 0.0187 10743.9882
388.0 279.0 0.0206 10738.0889
421.0 284.0 0.0478 10656.4936
462.0 285.0 0.0064 10780.7000
490.0 277.0 0.0056 10783.0876
6.0 317.0 0.0061 10781.7282
41.0 310.0 0.0060 10782.0184
72.0 312.0 0.0208 10737.6560
104.0 311.0 0.0200 10739.9487
133.0 316.0 0.0066 10780.2440
158.0 314.0 0.0881 10535.7111
182.0 301.0 0.1695 10291.6096
216.0 304.0 0.0636 10609.1849
251.0 300.0 0.0355 10693.5929
272.0 315.0 0.1019 10494.3173
311.0 309.0 0.0843 10547.0461
346.0 315.0 0.0966 10510.0850
366.0 302.0 0.0580 10625.8504
399.0 309.0 0.0573 10628.0287
418.0 315.0 0.0180 10746.0939
447.0 317.0 0.0068 10779.6809
493.0 306.0 0.0060 10781.9924
22.0 344.0 0.0081 10775.7328
39.0 342.0 0.0078 10776.7174
74.0 334.0 0.0073 10778.1273
98.0 337.0 0.0206 10738.3101
132.0 334.0 0.0349 10695.3087
153.0 333.0 0.0648 10605.6080
191.0 333.0 0.0754 10573.9304
220.0 342.0 0.0722 10583.4581
245.0 332.0 0.0573 10627.9667
274.0 346.0 0.0419 10674.3712
306.0 333.0 0.0205 10738.6139
340.0 333.0 0.0459 10662.2825
364.0 332.0 0.0063 10781.1567
405.0 344.0 0.0179 10746.3669
433.0 341.0 0.0180 10746.1022
461.0 339.0 0.0062 10781.4474
478.0 345.0 0.0068 10779.6399
11.0 361.0 0.0067 10779.7580
49.0 368.0 0.0224 10732.6926
70.0 364.0 0.0211 10736.7370
98.0 370.0 0.0338 10698.5356
129.0 365.0 0.0479 10656.4268
155.0 372.0 0.0683 10594.9764
183.0 361.0 0.0191 10742.8335
218.0 375.0 0.0325 10702.4941
253.0 374.0 0.0372 10688.3512
272.0 359.0 0.0497 10651.0241
308.0 371.0 0.0636 10609.0969
331.0 372.0 0.0466 10660.0940
375.0 359.0 0.0693 10592.0850
396.0 370.0 0.0308 10707.5797
424.0 369.0 0.0075 10777.5065
453.0 374.0 0.0076 10777.2235
478.0 360.0 0.0060 10781.8950
13.0 393.0 0.0081 10775.7518
41.0 405.0 0.0079 10776.3390
75.0 405.0 0.0078 10776.6206
111.0 398.0 0.0062 10781.3627
138.0 405.0 0.0220 10733.9801
153.0 403.0 0.0346 10696.0603
197.0 390.0 0.0342 10697.2586
216.0 389.0 0.0221 10733.8381
256.0 405.0 0.0423 10673.2392
284.0 402.0 0.0228 10731.7171
312.0 395.0 0.0221 10733.6883
336.0 398.0 0.0189 10743.2996
364.0 401.0 0.0080 10775.8562
392.0 400.0 0.0336 10699.2017
434.0 399.0 0.0188 10743.5068
453.0 396.0 0.0072 10778.5310
477.0 388.0 0.0079 10776.4387
15.0 430.0 0.0069 10779.1504
44.0 425.0 0.0064 10780.8751
71.0 431.0 0.0216 10735.0732
106.0 427.0 0.0429 10671.4035
139.0 426.0 0.0069 10779.2405
153.0 422.0 0.0086 10774.3185
196.0 431.0 0.0072 10778.4757
217.0 424.0 0.0071 10778.6929
241.0 424.0 0.0066 10780.0981
276.0 427.0 0.0067 10779.7844
311.0 429.0 0.0339 10698.3058
338.0 432.0 0.0055 10783.4134
369.0 427.0 0.0222 10733.4954
394.0 434.0 0.0220 10733.9548
435.0 423.0 0.0196 10741.1246
455.0 424.0 0.0068 10779.6222
477.0 417.0 0.0071 10778.8144
15.0 449.0 0.0078 10776.6571
43.0 461.0 0.0059 10782.2205
71.0 449.0 0.0070 10779.1151
106.0 450.0 0.0077 10776.9309
135.0 450.0 0.0074 10777.8995
166.0 450.0 0.0070 10779.0392
197.0 456.0 0.0071 10778.7805
217.0 461.0 0.0072 10778.5284
248.0 457.0 0.0072 10778.3165
282.0 461.0 0.0051 10784.6319
301.0 454.0 0.0074 10777.6998
345.0 458.0 0.0075 10777.6366
361.0 464.0 0.0073 10778.0598
392.0 455.0 0.0065 10780.4633
426.0 453.0 0.0077 10776.8036
460.0 456.0 0.0077 10777.0117
489.0 447.0 0.0069 10779.3420
20.0 488.0 0.0064 10780.7304
51.0 485.0 0.0072 10778.4520
67.0 492.0 0.0064 10780.8721
111.0 478.0 0.0080 10775.9158
127.0 484.0 0.0074 10777.7776
167.0 482.0 0.0067 10779.7652
184.0 478.0 0.0076 10777.2940
212.0 485.0 0.0056 10783.2561
258.0 483.0 0.0068 10779.4650
276.0 487.0 0.0070 10778.9042
300.0 488.0 0.0083 10775.1515
345.0 492.0 0.0063 10781.1270
376.0 485.0 0.0075 10777.3546
405.0 493.0 0.0071 10778.5682
429.0 482.0 0.0078 10776.6468
453.0 478.0 0.0063 10781.1661
490.0 489.0 0.0068 10779.4971
428.0 10.0 0.0075 10777.4895
89.0 175.0 0.0078 10776.4709
239.0 156.0 0.0544 10636.7121
208.0 289.0 0.0798 10560.5849
188.0 277.0 0.0514 10645.7686
218.0 420.0 0.0318 10704.5866
476.0 319.0 0.0064 10780.8095
140.0 320.0 0.0061 10781.7091
438.0 225.0 0.0088 10773.4695
424.0 153.0 0.0212 10736.3936
464.0 167.0 0.0058 10782.4687
