250.0 250.0
19.0 17.0 0.0072 10778.3082
43.0 5.0 0.0071 10778.6283
72.0 16.0 0.0070 10779.0534
101.0 17.0 0.0074 10777.7078
122.0 22.0 0.0062 10781.3515
160.0 14.0 0.0075 10777.4620
181.0 21.0 0.0066 10780.2735
200.0 7.0 0.0062 10781.3367
235.0 11.0 0.0061 10781.7643
258.0 14.0 0.0077 10776.7807
294.0 5.0 0.0081 10775.5777
322.0 14.0 0.0071 10778.8470
355.0 17.0 0.0074 10777.8056
367.0 16.0 0.0081 10775.7920
398.0 13.0 0.0073 10778.1335
431.0 13.0 0.0070 10779.0030
465.0 21.0 0.0080 10776.0402
481.0 21.0 0.0070 10778.9942
8.0 44.0 0.0060 10782.1021
35.0 40.0 0.0073 10778.0686
76.0 42.0 0.0079 10776.2625
103.0 46.0 0.0083 10775.2272
117.0 44.0 0.0066 10780.1868
144.0 33.0 0.0075 10777.4056
174.0 41.0 0.0071 10778.7388
201.0 43.0 0.0073 10777.9900
233.0 35.0 0.0059 10782.4025
256.0 41.0 0.0070 10779.0951
288.0 38.0 0.0076 10777.2746
322.0 48.0 0.0066 10780.0786
349.0 34.0 0.0068 10779.7318
379.0 38.0 0.0064 10780.8855
394.0 48.0 0.0072 10778.3104
422.0 33.0 0.0064 10780.9151
464.0 42.0 0.0059 10782.2960
480.0 38.0 0.0077 10776.8901
12.0 62.0 0.0066 10780.1176
34.0 71.0 0.0076 10777.1994
72.0 75.0 0.0066 10780.2712
99.0 61.0 0.0199 10740.3272
126.0 77.0 0.0197 10740.9502
149.0 71.0 0.0070 10779.0624
179.0 71.0 0.0079 10776.1985
210.0 67.0 0.0077 10777.0276
242.0 68.0 0.0195 10741.3844
262.0 76.0 0.0304 10708.7384
295.0 66.0 0.0072 10778.4678
326.0 62.0 0.0079 10776.1864
339.0 72.0 0.0199 10740.4242
377.0 77.0 0.0184 10744.8967
410.0 62.0 0.0215 10735.5149
432.0 68.0 0.0072 10778.3869
457.0 74.0 0.0069 10779.2664
490.0 61.0 0.0070 10778.9916
12.0 100.0 0.0074 10777.9478
43.0 91.0 0.0068 10779.4705
65.0 92.0 0.0332 10700.5054
96.0 100.0 0.0187 10743.8980
132.0 89.0 0.0070 10778.9544
152.0 90.0 0.0469 10659.3245
178.0 99.0 0.0218 10734.5607
210.0 98.0 0.0201 10739.6646
242.0 104.0 0.0194 10741.8127
261.0 102.0 0.0211 10736.6468
295.0 94.0 0.0471 10658.8077
325.0 95.0 0.0629 10611.4470
345.0 100.0 0.0073 10778.0702
383.0 98.0 0.0344 10696.7111
410.0 91.0 0.0586 10624.2638
424.0 97.0 0.0079 10776.3286
460.0 95.0 0.0074 10777.7502
478.0 104.0 0.0064 10780.7138
11.0 128.0 0.0072 10778.2531
34.0 119.0 0.0061 10781.7583
71.0 117.0 0.0207 10737.8284
100.0 130.0 0.0195 10741.4852
124.0 131.0 0.0197 10740.9558
156.0 117.0 0.0866 10540.1729
185.0 122.0 0.0333 10700.1332
215.0 128.0 0.0184 10744.8376
239.0 127.0 0.0189 10743.1860
271.0 123.0 0.0203 10739.0153
288.0 116.0 0.0371 10688.8439
324.0 131.0 0.0311 10706.5571
350.0 128.0 0.0424 10672.7969
367.0 121.0 0.0223 10733.1142
410.0 124.0 0.0229 10731.2890
438.0 117.0 0.0083 10775.0645
459.0 123.0 0.0071 10778.8331
487.0 132.0 0.0069 10779.3028
18.0 156.0 0.0074 10777.8001
45.0 149.0 0.0082 10775.5451
72.0 159.0 0.0080 10775.9687
92.0 160.0 0.0481 10655.8022
131.0 150.0 0.0424 10672.6686
150.0 154.0 0.0792 10562.3640
182.0 149.0 0.0335 10699.4523
212.0 153.0 0.0738 10578.6308
243.0 148.0 0.0864 10540.9300
262.0 144.0 0.0083 10774.9606
289.0 152.0 0.0197 10740.9895
316.0 150.0 0.0833 10550.1510
351.0 149.0 0.0802 10559.3617
382.0 148.0 0.0222 10733.4355
395.0 151.0 0.0208 10737.5716
435.0 149.0 0.0076 10777.0778
452.0 158.0 0.0074 10777.7797
491.0 147.0 0.0063 10781.1288
16.0 178.0 0.0072 10778.4064
38.0 173.0 0.0074 10777.6536
71.0 178.0 0.0073 10778.0952
102.0 179.0 0.0212 10736.5344
131.0 173.0 0.0202 10739.3785
158.0 185.0 0.0764 10570.6757
177.0 179.0 0.0614 10615.6785
207.0 184.0 0.1202 10439.3221
236.0 181.0 0.0789 10563.1895
262.0 173.0 0.0569 10629.2144
299.0 179.0 0.1843 10246.9848
313.0 179.0 0.0477 10656.8502
339.0 179.0 0.0346 10696.0521
372.0 185.0 0.0357 10692.8480
408.0 182.0 0.0075 10777.5982
424.0 180.0 0.0367 10689.9418
461.0 179.0 0.0081 10775.6553
486.0 178.0 0.0079 10776.1988
17.0 214.0 0.0090 10773.0403
46.0 201.0 0.0083 10775.0515
70.0 214.0 0.0073 10778.0720
95.0 204.0 0.0210 10737.0481
124.0 216.0 0.0076 10777.1934
145.0 208.0 0.0173 10748.1178
186.0 205.0 0.0803 10559.1855
206.0 203.0 0.1422 10373.5115
240.0 200.0 0.0246 10726.1136
261.0 206.0 0.1163 10451.2111
299.0 204.0 0.1583 10325.0877
316.0 214.0 0.0327 10701.9227
341.0 213.0 0.0434 10669.6599
370.0 203.0 0.0210 10736.9957
405.0 206.0 0.0233 10730.2224
434.0 206.0 0.0075 10777.4969
453.0 216.0 0.0075 10777.5732
491.0 209.0 0.0070 10778.9904
10.0 234.0 0.0077 10776.8205
47.0 236.0 0.0070 10779.0515
61.0 240.0 0.0078 10776.7480
105.0 230.0 0.0360 10691.9642
128.0 236.0 0.0341 10697.5798
157.0 228.0 0.0201 10739.6276
174.0 237.0 0.0823 10553.2054
211.0 229.0 0.1657 10302.9643
244.0 232.0 0.2614 10015.6765
271.0 232.0 0.1071 10478.8294
295.0 241.0 0.1075 10477.6011
323.0 244.0 0.1137 10459.0145
338.0 233.0 0.0346 10696.3030
372.0 228.0 0.0453 10664.0505
407.0 228.0 0.0583 10625.0428
423.0 229.0 0.0071 10778.8476
456.0 232.0 0.0071 10778.6084
490.0 243.0 0.0068 10779.5516
14.0 260.0 0.0067 10779.9797
37.0 266.0 0.0079 10776.3192
75.0 268.0 0.0073 10778.2326
90.0 269.0 0.0509 10647.3385
124.0 257.0 0.0317 10704.8475
148.0 266.0 0.0483 10655.1085
184.0 264.0 0.1029 10491.1562
200.0 263.0 0.0583 10625.1947
238.0 271.0 0.0892 10532.2968
266.0 272.0 0.2174 10147.7886
295.0 260.0 0.0043 10787.0610
323.0 264.0 0.0559 10632.2603
352.0 271.0 0.0346 10696.2770
379.0 271.0 0.0226 10732.1970
409.0 266.0 0.0230 10730.9625
425.0 263.0 0.0189 10743.1985
456.0 259.0 0.0083 10774.9987
490.0 261.0 0.0080 10775.8939
5.0 288.0 0.0076 10777.1438
49.0 285.0 0.0064 10780.7416
75.0 298.0 0.0191 10742.6374
103.0 294.0 0.0214 10735.7927
129.0 289.0 0.0190 10743.1473
150.0 297.0 0.0595 10621.6121
173.0 288.0 0.1118 10464.6110
210.0 286.0 0.0274 10717.7255
232.0 290.0 0.2800 9960.0086
264.0 290.0 0.2005 10198.6466
298.0 283.0 0.1029 10491.4489
327.0 287.0 0.0328 10701.4591
339.0 299.0 0.1062 10481.3670
369.0 291.0 0.0219 10734.2644
402.0 299.0 0.0212 10736.3931
424.0 283.0 0.0075 10777.5342
462.0 289.0 0.0078 10776.4533
493.0 294.0 0.0082 10775.5258
6.0 319.0 0.0071 10778.7712
40.0 323.0 0.0072 10778.4528
71.0 312.0 0.0083 10774.9966
92.0 317.0 0.0324 10702.7339
126.0 327.0 0.0354 10693.8672
153.0 318.0 0.0455 10663.3860
186.0 323.0 0.0065 10780.5162
215.0 323.0 0.1204 10438.9366
241.0 326.0 0.0851 10544.8190
262.0 323.0 0.1935 10219.6362
285.0 323.0 0.0885 10534.6045
325.0 327.0 0.0328 10701.5536
346.0 318.0 0.1051 10484.7311
381.0 326.0 0.0208 10737.5364
405.0 324.0 0.0205 10738.5458
431.0 327.0 0.0072 10778.2922
454.0 318.0 0.0082 10775.4023
484.0 313.0 0.0073 10777.9718
6.0 347.0 0.0071 10778.8381
39.0 346.0 0.0086 10774.2296
62.0 347.0 0.0077 10776.8297
94.0 355.0 0.0453 10664.0860
132.0 348.0 0.0338 10698.7460
146.0 346.0 0.0218 10734.5907
173.0 350.0 0.1565 10330.4733
208.0 342.0 0.0192 10742.3686
231.0 355.0 0.0227 10732.0305
261.0 341.0 0.0184 10744.8853
297.0 339.0 0.0656 10603.2642
321.0 338.0 0.0071 10778.5561
347.0 350.0 0.1107 10467.8054
372.0 345.0 0.0227 10732.0005
409.0 348.0 0.0214 10735.6866
430.0 340.0 0.0357 10692.8255
456.0 350.0 0.0067 10779.9726
492.0 345.0 0.0078 10776.6269
11.0 373.0 0.0076 10777.2838
44.0 381.0 0.0076 10777.1329
71.0 369.0 0.0066 10780.1905
96.0 371.0 0.0189 10743.2462
130.0 367.0 0.0504 10648.6830
156.0 370.0 0.0548 10635.6508
180.0 373.0 0.0319 10704.1631
203.0 376.0 0.0330 10700.8598
240.0 368.0 0.0464 10660.7084
266.0 372.0 0.0354 10693.6936
297.0 367.0 0.0336 10699.1751
311.0 378.0 0.0319 10704.1795
350.0 377.0 0.0500 10650.1256
378.0 379.0 0.0611 10616.6143
410.0 380.0 0.0370 10688.9393
427.0 373.0 0.0072 10778.4801
456.0 377.0 0.0083 10775.2374
488.0 368.0 0.0070 10778.8599
14.0 399.0 0.0073 10778.0860
39.0 397.0 0.0057 10783.0455
69.0 404.0 0.0200 10740.0957
102.0 404.0 0.0647 10605.8729
128.0 399.0 0.0071 10778.7476
146.0 409.0 0.0521 10643.6606
187.0 400.0 0.0068 10779.4788
215.0 401.0 0.0351 10694.6474
240.0 394.0 0.0196 10741.1292
264.0 408.0 0.0601 10619.7217
298.0 404.0 0.0213 10736.0181
319.0 410.0 0.0170 10749.1454
348.0 409.0 0.0342 10697.3246
367.0 405.0 0.0216 10735.1871
409.0 401.0 0.0325 10702.3743
423.0 395.0 0.0080 10776.0368
465.0 400.0 0.0077 10776.8937
487.0 409.0 0.0080 10775.9865
21.0 431.0 0.0072 10778.4188
41.0 423.0 0.0071 10778.5655
75.0 426.0 0.0206 10738.2880
105.0 434.0 0.0073 10778.1032
127.0 435.0 0.0072 10778.5119
159.0 427.0 0.0072 10778.4175
180.0 431.0 0.0081 10775.6664
214.0 427.0 0.0074 10777.6850
237.0 430.0 0.0074 10777.8678
262.0 422.0 0.0067 10779.9746
295.0 431.0 0.0071 10778.6507
327.0 430.0 0.0078 10776.7001
347.0 436.0 0.0209 10737.3133
373.0 429.0 0.0190 10742.8729
408.0 432.0 0.0206 10738.0885
429.0 434.0 0.0061 10781.8083
464.0 422.0 0.0082 10775.4241
478.0 427.0 0.0078 10776.6180
10.0 461.0 0.0068 10779.5429
45.0 455.0 0.0062 10781.2946
77.0 452.0 0.0067 10779.8915
92.0 461.0 0.0058 10782.5832
129.0 454.0 0.0073 10778.0030
159.0 459.0 0.0079 10776.3684
175.0 459.0 0.0081 10775.8199
213.0 459.0 0.0072 10778.5157
235.0 464.0 0.0063 10781.1822
269.0 450.0 0.0073 10778.0364
285.0 457.0 0.0082 10775.4321
322.0 460.0 0.0078 10776.6417
344.0 457.0 0.0073 10778.0033
382.0 456.0 0.0078 10776.5493
409.0 464.0 0.0073 10778.0585
433.0 464.0 0.0076 10777.2513
454.0 453.0 0.0073 10778.0702
481.0 453.0 0.0078 10776.5975
10.0 482.0 0.0081 10775.7724
42.0 482.0 0.0062 10781.4081
65.0 478.0 0.0076 10777.3050
90.0 489.0 0.0078 10776.5979
125.0 494.0 0.0083 10775.2253
150.0 491.0 0.0074 10777.8349
188.0 482.0 0.0083 10775.1742
209.0 487.0 0.0080 10776.1306
235.0 491.0 0.0074 10777.6818
264.0 488.0 0.0067 10779.9360
293.0 488.0 0.0069 10779.4351
324.0 482.0 0.0069 10779.3494
351.0 487.0 0.0064 10780.7796
372.0 483.0 0.0062 10781.3884
408.0 492.0 0.0073 10778.1831
427.0 489.0 0.0064 10780.6531
455.0 478.0 0.0081 10775.7477
487.0 486.0 0.0071 10778.8481
396.0 271.0 0.0183 10745.1040
95.0 424.0 0.0189 10743.1891
296.0 229.0 0.0370 10688.8791
136.0 45.0 0.0063 10781.1181
237.0 1.0 0.0063 10781.1000
153.0 51.0 0.0063 10781.1895
332.0 337.0 0.0072 10778.3693
78.0 150.0 0.0214 10735.8995
184.0 184.0 0.0321 10703.8355
237.0 172.0 0.0070 10778.9344
499.0 282.0 0.0067 10779.7565
24.0 351.0 0.0063 10780.9841
36.0 323.0 0.0064 10780.7862
370.0 437.0 0.0081 10775.7630
87.0 266.0 0.0081 10775.7379
318.0 45.0 0.0068 10779.6497
270.0 497.0 0.0084 10774.7027
322.0 308.0 0.0054 10783.7392
161.0 268.0 0.0188 10743.5882
422.0 436.0 0.0178 10746.5162
59.0 304.0 0.0070 10778.9244
350.0 195.0 0.0208 10737.6372
477.0 268.0 0.0068 10779.7294
490.0 233.0 0.0066 10780.0798
143.0 303.0 0.0221 10733.6201
477.0 471.0 0.0069 10779.2862
