500.0 500.0
178.0	80.0	10633.8747	0.0554
94.0	76.0	10758.0860	0.0140
83.0	84.0	10482.6466	0.1058
67.0	94.0	10561.2686	0.0796
58.0	107.0	10630.0679	0.0566
155.0	65.0	10652.7682	0.0491
72.0	242.0	10204.3517	0.1985
110.0	285.0	10559.8051	0.0801
104.0	325.0	10634.1065	0.0553
141.0	282.0	10535.1827	0.0883
105.0	360.0	9930.4060	0.2899
18.0	303.0	10727.0687	0.0243
141.0	490.0	10497.5985	0.1008
149.0	467.0	10515.9090	0.0947
180.0	641.0	10459.8708	0.1134
160.0	499.0	9804.1447	0.3320
36.0	458.0	10649.0940	0.0503
77.0	513.0	10756.4940	0.0145
35.0	694.0	10527.8176	0.0907
158.0	589.0	10195.8389	0.2014
142.0	697.0	10548.5285	0.0838
72.0	738.0	10567.1489	0.0776
103.0	764.0	10544.8590	0.0850
69.0	692.0	10624.6824	0.0584
40.0	936.0	10682.6295	0.0391
68.0	961.0	10685.5095	0.0382
19.0	922.0	10646.1269	0.0513
151.0	882.0	10479.1795	0.1069
71.0	968.0	10673.5027	0.0422
139.0	867.0	9886.6292	0.3045
349.0	78.0	10491.6963	0.1028
372.0	81.0	10612.2285	0.0626
274.0	34.0	10737.3328	0.0209
267.0	128.0	9990.1234	0.2700
283.0	225.0	10514.7602	0.0951
344.0	102.0	10204.2945	0.1986
283.0	338.0	10554.0180	0.0820
306.0	336.0	10584.7986	0.0717
243.0	262.0	9448.9247	0.4504
352.0	273.0	10666.6993	0.0444
333.0	380.0	9757.0229	0.3477
223.0	382.0	9144.0749	0.5520
394.0	493.0	8798.1195	0.6673
339.0	441.0	6983.6222	1.2721
296.0	517.0	10429.0590	0.1236
304.0	460.0	10651.7152	0.0494
253.0	442.0	10543.1913	0.0856
314.0	534.0	10498.0736	0.1006
348.0	662.0	9878.9465	0.3070
395.0	651.0	7027.9407	1.2574
288.0	667.0	10242.9387	0.1857
235.0	694.0	10553.2936	0.0822
343.0	752.0	10428.7722	0.1237
360.0	772.0	9638.9686	0.3870
262.0	911.0	10687.7468	0.0374
266.0	896.0	8861.9232	0.6460
271.0	937.0	10652.7199	0.0491
308.0	907.0	10119.5525	0.2268
364.0	849.0	9959.2858	0.2802
348.0	848.0	10509.6184	0.0968
484.0	162.0	9071.8861	0.5760
504.0	65.0	10738.6515	0.0204
475.0	60.0	10730.9361	0.0230
534.0	73.0	10734.0059	0.0220
480.0	125.0	10473.2148	0.1089
516.0	101.0	10764.6062	0.0118
502.0	283.0	10668.2645	0.0439
411.0	312.0	10707.5846	0.0308
469.0	343.0	10606.6845	0.0644
448.0	353.0	6255.1498	1.1884
477.0	285.0	9960.9789	0.2797
572.0	300.0	8732.5220	0.6892
499.0	524.0	10779.5882	0.0068
488.0	482.0	10056.4729	0.2478
476.0	536.0	9801.6311	0.3328
498.0	547.0	10773.4562	0.0088
544.0	514.0	9284.8920	0.5050
473.0	570.0	10027.4909	0.2575
527.0	762.0	10164.6838	0.2118
561.0	718.0	10731.0922	0.0230
577.0	705.0	10260.5162	0.1798
579.0	616.0	6441.5469	1.2726
443.0	722.0	9221.3469	0.5262
505.0	721.0	10205.1369	0.1983
505.0	907.0	10551.4150	0.0829
522.0	977.0	10592.8387	0.0691
499.0	837.0	9305.4526	0.4982
493.0	849.0	10656.4229	0.0479
473.0	930.0	10742.6743	0.0191
490.0	939.0	10734.9488	0.0217
543.0	93.0	10666.7848	0.0444
764.0	11.0	10737.7549	0.0207
766.0	101.0	10709.4284	0.0302
753.0	98.0	10777.6131	0.0075
719.0	99.0	7989.0464	0.9370
675.0	38.0	10592.4739	0.0692
725.0	382.0	10215.0874	0.1950
731.0	276.0	10695.7380	0.0348
733.0	332.0	10621.9441	0.0594
744.0	279.0	10689.1443	0.0370
688.0	384.0	9386.5025	0.4712
651.0	243.0	9967.9951	0.2773
720.0	474.0	10775.3670	0.0082
770.0	440.0	10491.0584	0.1030
727.0	505.0	10777.7148	0.0074
717.0	529.0	10778.2838	0.0072
692.0	512.0	6401.5121	1.0295
726.0	421.0	10545.8273	0.0847
640.0	691.0	9975.1774	0.2749
660.0	731.0	9883.6157	0.3055
688.0	716.0	10561.9663	0.0793
722.0	698.0	10577.1662	0.0743
730.0	632.0	8429.9938	0.7900
696.0	708.0	10545.9970	0.0847
688.0	891.0	10770.5585	0.0098
613.0	939.0	10534.2744	0.0886
696.0	853.0	10653.5481	0.0488
649.0	884.0	10527.1974	0.0909
635.0	884.0	10512.6288	0.0958
670.0	838.0	10236.8467	0.1877
867.0	175.0	10642.1198	0.0526
925.0	101.0	10473.3743	0.1089
870.0	144.0	10496.6219	0.1011
856.0	102.0	10622.2643	0.0592
900.0	133.0	10588.0812	0.0706
829.0	59.0	10691.5739	0.0361
955.0	271.0	10681.3012	0.0396
864.0	305.0	10116.0917	0.2280
870.0	272.0	10256.6899	0.1811
859.0	344.0	10195.4480	0.2015
906.0	286.0	10709.5540	0.0301
802.0	326.0	10477.3600	0.1075
972.0	555.0	10633.6422	0.0555
933.0	501.0	10607.6747	0.0641
903.0	561.0	10544.1067	0.0853
896.0	467.0	10643.6477	0.0521
805.0	447.0	10265.7974	0.1781
893.0	414.0	10666.7434	0.0444
778.0	647.0	9276.3007	0.5079
870.0	642.0	10370.2275	0.1433
923.0	765.0	10507.4361	0.0975
847.0	668.0	10042.3201	0.2526
903.0	751.0	10636.9741	0.0543
894.0	718.0	9767.3276	0.3442
886.0	863.0	10580.1406	0.0733
880.0	873.0	10511.6704	0.0961
880.0	908.0	10486.0193	0.1047
868.0	910.0	10508.0999	0.0973
904.0	841.0	10669.2423	0.0436
877.0	829.0	10705.1179	0.0316
