500.0 500.0
116.0	57.0	10748.4033	0.0172
172.0	62.0	10610.1467	0.0633
115.0	63.0	10750.9589	0.0163
192.0	109.0	9903.7811	0.2987
161.0	124.0	10715.4661	0.0282
128.0	129.0	10600.8307	0.0664
23.0	374.0	10561.4600	0.0795
109.0	328.0	10492.9454	0.1024
105.0	341.0	9545.3003	0.4182
50.0	238.0	10697.8052	0.0341
23.0	294.0	10742.6250	0.0191
74.0	315.0	10776.0537	0.0080
105.0	533.0	10539.9630	0.0867
24.0	502.0	10710.4375	0.0299
132.0	473.0	9775.8788	0.3414
51.0	538.0	10608.7450	0.0638
90.0	613.0	10582.1537	0.0726
97.0	509.0	10518.4187	0.0939
99.0	689.0	10605.0801	0.0650
56.0	684.0	10750.5260	0.0165
101.0	701.0	10612.7416	0.0624
128.0	674.0	10498.9970	0.1003
137.0	704.0	9315.6729	0.4948
147.0	671.0	10402.5759	0.1325
78.0	864.0	10780.6826	0.0064
105.0	898.0	10774.5320	0.0085
123.0	934.0	10545.3141	0.0849
31.0	897.0	10760.8416	0.0131
96.0	858.0	9033.0563	0.5890
80.0	923.0	10767.4991	0.0108
198.0	37.0	10571.7848	0.0761
333.0	128.0	10497.3128	0.1009
241.0	28.0	10579.2378	0.0736
262.0	169.0	10196.8252	0.2011
344.0	127.0	10362.9069	0.1457
298.0	55.0	10534.6602	0.0884
359.0	222.0	9595.5733	0.4015
289.0	279.0	9398.7451	0.4671
269.0	290.0	10557.2878	0.0809
285.0	344.0	10683.7152	0.0388
376.0	366.0	8776.2212	0.6746
185.0	459.0	10684.2960	0.0386
251.0	513.0	10683.2024	0.0389
256.0	527.0	10674.4314	0.0419
306.0	458.0	8615.3189	0.7282
231.0	430.0	8739.6786	0.6868
185.0	504.0	10280.0809	0.1733
291.0	476.0	9445.5312	0.4515
238.0	713.0	10494.5318	0.1018
280.0	707.0	10140.8513	0.2197
345.0	707.0	7635.7039	1.0548
316.0	732.0	10660.3049	0.0466
318.0	702.0	10576.1468	0.0746
308.0	708.0	10535.4658	0.0882
349.0	922.0	10693.9728	0.0353
320.0	977.0	10602.6232	0.0658
276.0	973.0	10650.5732	0.0498
265.0	881.0	10158.3879	0.2139
256.0	970.0	10642.8832	0.0524
296.0	846.0	10010.9760	0.2630
422.0	140.0	10262.6036	0.1791
520.0	57.0	10571.7396	0.0761
479.0	101.0	10491.0155	0.1030
493.0	29.0	10717.3191	0.0276
518.0	136.0	10550.5218	0.0832
517.0	73.0	10645.3537	0.0515
519.0	254.0	9868.1583	0.3106
472.0	368.0	9385.2169	0.4716
520.0	323.0	10678.4835	0.0405
537.0	360.0	10307.3511	0.1642
405.0	348.0	7232.0092	1.1893
498.0	202.0	9508.1803	0.4306
485.0	444.0	10769.3987	0.0102
482.0	512.0	10337.8049	0.1541
448.0	457.0	9844.3925	0.3185
503.0	496.0	10402.3972	0.1325
424.0	446.0	10745.6936	0.0181
504.0	445.0	8114.2242	0.8953
502.0	661.0	8513.5162	0.7622
580.0	690.0	9300.4367	0.4999
495.0	787.0	10497.6133	0.1008
537.0	749.0	8879.8398	0.6401
516.0	754.0	9769.5165	0.3435
440.0	629.0	6255.1498	1.1884
513.0	990.0	10554.0324	0.0820
442.0	889.0	10519.7311	0.0934
476.0	884.0	10256.1060	0.1813
425.0	884.0	10142.5124	0.2192
448.0	859.0	10103.1322	0.2323
540.0	940.0	10499.5700	0.1001
710.0	56.0	10626.8512	0.0577
763.0	180.0	8640.7157	0.7198
622.0	102.0	10127.1406	0.2243
729.0	54.0	10644.7007	0.0518
681.0	20.0	10735.4120	0.0215
712.0	65.0	10668.6899	0.0438
668.0	268.0	10620.8654	0.0597
550.0	338.0	8449.4764	0.7835
750.0	299.0	10564.4082	0.0785
689.0	369.0	7463.3780	1.1122
690.0	342.0	10503.6906	0.0988
694.0	304.0	8047.5205	0.9175
654.0	548.0	8321.8394	0.8261
709.0	591.0	10698.6343	0.0338
732.0	509.0	10743.9512	0.0187
726.0	593.0	9020.6783	0.5931
728.0	418.0	10674.7107	0.0418
637.0	500.0	6441.5469	1.2726
717.0	699.0	10613.8662	0.0620
741.0	762.0	10537.5895	0.0875
698.0	686.0	9259.2521	0.5136
670.0	748.0	10488.6167	0.1038
632.0	711.0	10159.1502	0.2136
628.0	734.0	10305.4013	0.1649
738.0	892.0	10120.3143	0.2266
786.0	872.0	10692.0916	0.0360
707.0	926.0	10695.6206	0.0348
661.0	888.0	10498.8045	0.1004
764.0	826.0	9197.5295	0.5342
608.0	906.0	10621.8289	0.0594
927.0	169.0	10535.8189	0.0881
857.0	131.0	10606.1160	0.0646
783.0	33.0	10557.7496	0.0808
850.0	83.0	10651.5150	0.0495
958.0	20.0	10541.4900	0.0862
811.0	132.0	10764.5657	0.0118
871.0	308.0	10517.1914	0.0943
827.0	334.0	8354.8175	0.8151
946.0	273.0	10632.7221	0.0558
955.0	306.0	10640.7695	0.0531
915.0	233.0	10630.7309	0.0564
916.0	329.0	10752.6095	0.0158
941.0	478.0	10773.9704	0.0087
893.0	546.0	10688.5341	0.0372
980.0	510.0	10741.5048	0.0195
895.0	435.0	10671.4884	0.0428
934.0	473.0	10775.5051	0.0082
894.0	466.0	9723.4511	0.3588
890.0	824.0	10661.8666	0.0460
891.0	599.0	10765.9053	0.0114
928.0	784.0	9969.7347	0.2768
899.0	708.0	10770.6960	0.0098
948.0	693.0	10756.8742	0.0144
867.0	662.0	7814.4920	0.9952
975.0	910.0	10633.6844	0.0554
920.0	867.0	10757.5908	0.0141
893.0	851.0	10642.8323	0.0524
833.0	981.0	10645.9126	0.0514
932.0	905.0	10677.5093	0.0408
870.0	881.0	10683.8018	0.0387
