500.0 500.0
50.0	101.0	10627.7293	0.0574
114.0	78.0	10757.1172	0.0143
131.0	155.0	10466.6245	0.1111
68.0	127.0	10705.1735	0.0316
182.0	125.0	8825.7177	0.6581
50.0	41.0	10493.5826	0.1021
67.0	108.0	10699.8640	0.0334
11.0	255.0	10587.2501	0.0709
55.0	347.0	10514.3595	0.0952
139.0	306.0	10597.7398	0.0674
53.0	324.0	10559.9723	0.0800
143.0	310.0	10163.3074	0.2122
24.0	306.0	10688.4360	0.0372
94.0	315.0	10545.8265	0.0847
104.0	523.0	10537.9915	0.0873
63.0	476.0	10739.3906	0.0202
49.0	518.0	10699.1724	0.0336
161.0	489.0	9524.8626	0.4250
139.0	478.0	10588.6529	0.0704
58.0	533.0	10706.1072	0.0313
99.0	464.0	9907.9058	0.2974
40.0	728.0	10586.3335	0.0712
73.0	607.0	10476.3872	0.1079
113.0	696.0	10655.2919	0.0482
139.0	811.0	10605.7268	0.0648
137.0	670.0	10739.8072	0.0201
75.0	802.0	10554.9527	0.0817
133.0	692.0	10721.9197	0.0260
100.0	804.0	10650.3493	0.0499
172.0	906.0	10657.4841	0.0475
102.0	948.0	10554.2067	0.0819
57.0	859.0	10741.7535	0.0194
136.0	804.0	10405.2290	0.1316
82.0	948.0	10524.8562	0.0917
77.0	955.0	10501.5846	0.0995
341.0	142.0	10423.3877	0.1255
383.0	53.0	10642.3341	0.0526
331.0	173.0	9988.0694	0.2706
281.0	16.0	10608.1739	0.0639
366.0	108.0	10609.7280	0.0634
306.0	156.0	10661.7164	0.0461
326.0	46.0	10659.0961	0.0470
281.0	301.0	9171.5149	0.5428
284.0	289.0	10680.2521	0.0399
290.0	282.0	10670.9295	0.0430
283.0	269.0	10618.3005	0.0606
325.0	336.0	10463.6761	0.1121
230.0	280.0	10584.0651	0.0720
365.0	380.0	7062.5759	1.2458
345.0	444.0	10078.4195	0.2405
393.0	575.0	8172.8736	0.8757
295.0	532.0	10746.5764	0.0178
250.0	483.0	9233.4917	0.5222
303.0	443.0	10721.1230	0.0263
312.0	449.0	10369.1928	0.1436
386.0	511.0	6250.9295	1.1779
322.0	693.0	10609.5333	0.0635
317.0	670.0	8963.8444	0.6121
341.0	732.0	10645.1548	0.0516
228.0	640.0	9780.5133	0.3398
202.0	724.0	9266.4695	0.5112
160.0	653.0	10134.1963	0.2219
358.0	603.0	9200.1935	0.5333
286.0	899.0	10781.4988	0.0062
316.0	939.0	10521.2985	0.0929
295.0	977.0	10763.1585	0.0123
222.0	931.0	10759.6081	0.0135
329.0	933.0	10608.0748	0.0640
301.0	906.0	9122.5771	0.5591
315.0	944.0	10501.9547	0.0993
482.0	50.0	10775.1110	0.0083
427.0	34.0	10607.3873	0.0642
580.0	46.0	10743.5854	0.0188
496.0	92.0	9777.2755	0.3409
549.0	8.0	10736.1020	0.0213
494.0	228.0	10134.4949	0.2218
443.0	16.0	10750.1320	0.0166
539.0	326.0	6279.5215	1.2660
526.0	290.0	10776.6743	0.0078
434.0	316.0	10520.5873	0.0931
397.0	243.0	7268.9282	1.1770
500.0	316.0	10581.4424	0.0729
515.0	278.0	10770.9701	0.0097
526.0	300.0	10510.3441	0.0966
537.0	456.0	10641.1426	0.0530
480.0	535.0	10230.3615	0.1899
539.0	545.0	10768.3114	0.0106
563.0	617.0	7035.3467	1.2549
535.0	475.0	7188.9410	1.2037
465.0	551.0	10767.7674	0.0107
462.0	602.0	8319.6546	0.8268
492.0	682.0	10544.5820	0.0851
511.0	649.0	10540.7149	0.0864
495.0	637.0	10613.6406	0.0621
477.0	738.0	7577.2920	1.0742
534.0	726.0	9558.6225	0.4138
536.0	676.0	10537.6077	0.0875
544.0	743.0	10658.9306	0.0470
462.0	920.0	10774.9350	0.0084
567.0	931.0	10681.2278	0.0396
450.0	878.0	10579.8992	0.0734
460.0	943.0	10766.6468	0.0111
560.0	877.0	9566.9345	0.4110
457.0	878.0	7722.3000	1.0259
471.0	918.0	10776.1324	0.0080
706.0	189.0	10019.5370	0.2602
733.0	73.0	10536.9709	0.0877
693.0	89.0	10517.6806	0.0941
693.0	11.0	10541.2543	0.0862
684.0	26.0	10611.8930	0.0627
717.0	159.0	10007.8343	0.2641
701.0	72.0	10691.5077	0.0362
730.0	238.0	10635.6241	0.0548
669.0	317.0	9320.2919	0.4932
752.0	319.0	9847.3993	0.3175
695.0	305.0	6404.8425	1.4651
714.0	279.0	10768.7325	0.0104
727.0	353.0	10728.7164	0.0238
679.0	271.0	10548.4450	0.0839
724.0	521.0	10302.0962	0.1660
723.0	465.0	10699.1048	0.0336
718.0	457.0	9202.0823	0.5326
680.0	516.0	10542.4453	0.0859
655.0	558.0	6242.0172	1.2055
764.0	495.0	10486.4209	0.1045
727.0	551.0	10687.3939	0.0375
675.0	695.0	10615.5941	0.0615
691.0	663.0	10621.6290	0.0595
727.0	602.0	10756.6104	0.0145
728.0	593.0	10758.1745	0.0139
727.0	649.0	10704.6911	0.0318
688.0	675.0	10608.0600	0.0640
627.0	723.0	8546.5938	0.7511
716.0	855.0	10482.0794	0.1060
717.0	840.0	7812.0760	0.9960
686.0	951.0	10561.1800	0.0796
709.0	921.0	10510.9604	0.0963
676.0	872.0	10489.0318	0.1037
656.0	979.0	10601.4057	0.0662
753.0	842.0	10603.7384	0.0654
949.0	72.0	10744.4732	0.0185
900.0	153.0	9974.1944	0.2753
966.0	93.0	10752.2707	0.0159
953.0	17.0	10577.7663	0.0741
949.0	88.0	10757.9139	0.0140
890.0	63.0	10493.6514	0.1021
909.0	114.0	10669.0321	0.0437
939.0	323.0	10658.5998	0.0471
981.0	350.0	10666.6193	0.0445
919.0	257.0	10755.0320	0.0150
831.0	259.0	8562.6001	0.7458
998.0	254.0	10658.1171	0.0473
873.0	233.0	9982.0630	0.2726
951.0	277.0	10679.3448	0.0402
877.0	472.0	10487.9302	0.1040
884.0	523.0	10472.1529	0.1093
807.0	415.0	10539.1928	0.0869
916.0	534.0	10493.5147	0.1022
869.0	508.0	10467.5738	0.1108
869.0	572.0	8938.0335	0.6207
924.0	462.0	10485.7322	0.1048
904.0	705.0	10619.5226	0.0602
866.0	781.0	10659.0992	0.0470
926.0	743.0	10610.5322	0.0632
959.0	732.0	10760.7485	0.0131
959.0	725.0	10757.6969	0.0141
881.0	730.0	9424.4490	0.4585
955.0	735.0	10762.5324	0.0125
875.0	917.0	10584.4341	0.0719
862.0	907.0	10478.0658	0.1073
923.0	852.0	10758.8722	0.0137
842.0	882.0	10630.7394	0.0564
839.0	865.0	10671.0282	0.0430
841.0	852.0	10342.4281	0.1525
909.0	858.0	10502.6486	0.0991
