500.0 500.0
104.0	165.0	10574.1725	0.0753
54.0	157.0	10737.5523	0.0208
130.0	117.0	10646.1881	0.0513
118.0	89.0	10519.7559	0.0934
150.0	85.0	10488.0040	0.1040
101.0	111.0	10635.6316	0.0548
30.0	250.0	10640.2033	0.0533
153.0	301.0	9860.1437	0.3133
75.0	415.0	10696.0661	0.0346
102.0	243.0	9514.5615	0.4285
86.0	339.0	10701.0417	0.0330
52.0	185.0	10521.3262	0.0929
122.0	387.0	10114.0049	0.2287
67.0	245.0	10524.9493	0.0917
178.0	471.0	7577.3499	1.0742
41.0	568.0	10316.1059	0.1613
75.0	489.0	10726.7991	0.0244
124.0	447.0	9509.1352	0.4303
120.0	465.0	10486.4604	0.1045
124.0	560.0	10473.9470	0.1087
107.0	500.0	10642.5206	0.0525
193.0	741.0	10627.9958	0.0573
184.0	711.0	10280.8757	0.1730
28.0	719.0	10500.4052	0.0999
111.0	581.0	10720.5401	0.0265
76.0	694.0	10318.3305	0.1606
31.0	714.0	10529.6199	0.0901
15.0	723.0	10512.3066	0.0959
90.0	889.0	10660.1759	0.0466
39.0	910.0	10692.2202	0.0359
216.0	872.0	10042.8775	0.2524
119.0	822.0	9928.6119	0.2905
97.0	889.0	10686.9806	0.0377
62.0	846.0	10532.4620	0.0892
51.0	874.0	10755.9644	0.0147
318.0	83.0	10693.1426	0.0356
296.0	167.0	10532.2856	0.0892
306.0	60.0	10354.5296	0.1485
318.0	126.0	10623.1985	0.0589
327.0	200.0	9590.8838	0.4030
310.0	148.0	10696.4745	0.0345
313.0	105.0	10490.0061	0.1033
281.0	363.0	9320.9994	0.4930
306.0	172.0	10571.8970	0.0760
305.0	318.0	10110.6472	0.2298
325.0	194.0	10491.9825	0.1027
308.0	274.0	10561.9483	0.0794
329.0	262.0	10033.8754	0.2554
290.0	331.0	10519.7967	0.0934
386.0	503.0	8984.5913	0.6051
306.0	540.0	10753.8041	0.0154
296.0	422.0	10681.8011	0.0394
387.0	524.0	10696.2896	0.0346
278.0	480.0	10111.7295	0.2294
283.0	567.0	10048.8614	0.2504
325.0	521.0	6384.6535	1.4718
220.0	689.0	10164.0167	0.2120
218.0	569.0	10407.0985	0.1310
309.0	730.0	10382.8579	0.1390
307.0	672.0	7617.8228	1.0607
239.0	728.0	10265.6746	0.1781
313.0	737.0	10388.3005	0.1372
279.0	682.0	9917.2316	0.2943
381.0	885.0	10492.3965	0.1025
305.0	877.0	10563.1442	0.0790
282.0	971.0	10552.3114	0.0826
195.0	909.0	10645.0157	0.0517
355.0	842.0	10340.5259	0.1532
304.0	833.0	10230.0457	0.1900
324.0	894.0	10496.2134	0.1013
456.0	228.0	9781.8682	0.3394
493.0	104.0	10647.1274	0.0510
531.0	107.0	10343.7954	0.1521
415.0	25.0	10588.6341	0.0705
509.0	78.0	10480.4593	0.1065
493.0	74.0	10471.5358	0.1095
409.0	87.0	10565.9494	0.0780
469.0	347.0	6250.9295	1.1779
564.0	336.0	9267.5862	0.5108
555.0	295.0	9922.6766	0.2924
549.0	341.0	10492.7827	0.1024
476.0	308.0	10518.5053	0.0938
446.0	325.0	8408.8558	0.7970
426.0	317.0	7302.8496	1.1657
478.0	463.0	9142.7113	0.5524
572.0	521.0	9265.2375	0.5116
534.0	498.0	10200.4406	0.1999
499.0	508.0	10781.5837	0.0061
504.0	448.0	10770.9419	0.0097
479.0	515.0	9539.4379	0.4202
467.0	508.0	10777.6523	0.0074
451.0	646.0	6699.3689	1.3669
463.0	749.0	10176.6947	0.2078
431.0	665.0	8104.9466	0.8984
527.0	685.0	10059.8707	0.2467
489.0	648.0	6279.5215	1.2660
554.0	805.0	9371.1278	0.4763
513.0	706.0	10701.5218	0.0328
504.0	897.0	10514.5612	0.0951
450.0	833.0	10598.4820	0.0672
472.0	911.0	10624.0951	0.0586
459.0	884.0	10625.7014	0.0581
471.0	973.0	10538.8871	0.0870
450.0	913.0	10532.7708	0.0891
490.0	825.0	10310.3662	0.1632
695.0	80.0	10593.1097	0.0690
747.0	134.0	10142.7016	0.2191
624.0	66.0	10491.6625	0.1028
681.0	61.0	10485.7982	0.1047
685.0	46.0	10637.5415	0.0542
593.0	140.0	9762.8566	0.3457
678.0	43.0	10649.0676	0.0503
760.0	337.0	10024.1076	0.2586
729.0	357.0	7639.3238	1.0536
785.0	291.0	10755.0788	0.0150
638.0	297.0	10651.6579	0.0494
704.0	253.0	9218.3459	0.5272
664.0	218.0	9544.5652	0.4185
776.0	267.0	10631.6051	0.0561
687.0	535.0	9476.2157	0.4413
642.0	426.0	9914.8105	0.2951
620.0	523.0	9730.8198	0.3564
633.0	462.0	7682.5101	1.0392
630.0	516.0	10436.5194	0.1212
713.0	499.0	9571.1634	0.4096
783.0	474.0	10474.2534	0.1086
685.0	622.0	10529.1862	0.0903
720.0	624.0	9372.4109	0.4759
723.0	741.0	8970.1045	0.6100
675.0	686.0	10761.9031	0.0127
636.0	633.0	10663.2385	0.0456
710.0	691.0	10445.1825	0.1183
645.0	618.0	8798.6515	0.6671
678.0	926.0	10770.0391	0.0100
792.0	922.0	10614.6119	0.0618
730.0	882.0	10095.6275	0.2348
691.0	927.0	10764.6690	0.0118
693.0	903.0	10765.5861	0.0115
655.0	907.0	10332.0901	0.1560
628.0	897.0	10253.5305	0.1822
944.0	135.0	10688.5787	0.0371
888.0	158.0	10507.0932	0.0976
883.0	137.0	10621.3443	0.0596
897.0	81.0	10493.5234	0.1022
877.0	112.0	10639.6831	0.0534
934.0	91.0	10478.8134	0.1071
907.0	248.0	10085.5632	0.2381
964.0	225.0	10540.2734	0.0866
854.0	325.0	10460.2295	0.1133
914.0	311.0	10510.8007	0.0964
861.0	350.0	10441.8551	0.1194
918.0	306.0	10676.4569	0.0412
997.0	272.0	10497.5746	0.1008
803.0	346.0	10462.2361	0.1126
860.0	560.0	9391.3745	0.4695
856.0	640.0	10181.8295	0.2061
906.0	316.0	10565.2549	0.0782
814.0	536.0	10311.4198	0.1629
943.0	431.0	10512.1101	0.0960
933.0	535.0	10687.8883	0.0374
978.0	537.0	10677.9374	0.0407
995.0	721.0	10567.8616	0.0774
900.0	648.0	10602.0439	0.0660
860.0	662.0	10319.7084	0.1601
916.0	746.0	10681.0068	0.0397
849.0	730.0	10060.1944	0.2466
937.0	674.0	10611.9083	0.0627
914.0	728.0	10724.9279	0.0250
941.0	946.0	10546.9012	0.0844
828.0	919.0	10725.8149	0.0247
843.0	833.0	9949.4084	0.2835
834.0	929.0	10696.6515	0.0344
907.0	844.0	10658.4909	0.0472
892.0	871.0	10566.3245	0.0779
860.0	990.0	10494.7263	0.1018
