500.0 500.0
33.0	70.0	10664.9112	0.0450
102.0	48.0	10667.4339	0.0442
183.0	143.0	10135.8130	0.2214
93.0	148.0	10659.2288	0.0469
118.0	74.0	10495.2809	0.1016
62.0	141.0	10528.4720	0.0905
134.0	144.0	10249.5742	0.1835
116.0	211.0	10564.1969	0.0786
21.0	336.0	10488.8060	0.1037
114.0	356.0	10684.0288	0.0387
157.0	259.0	10341.7961	0.1527
159.0	331.0	10539.3234	0.0869
119.0	231.0	10426.7863	0.1244
97.0	434.0	10540.3630	0.0865
43.0	525.0	10595.7028	0.0681
116.0	470.0	10507.2877	0.0976
117.0	463.0	10131.2784	0.2229
99.0	455.0	10599.9449	0.0667
184.0	513.0	9643.8625	0.3854
107.0	483.0	10470.9523	0.1097
98.0	493.0	10597.2789	0.0676
42.0	809.0	10542.5439	0.0858
59.0	649.0	10695.9974	0.0347
81.0	706.0	10542.7384	0.0858
22.0	710.0	10640.8987	0.0530
142.0	569.0	10421.7835	0.1261
190.0	793.0	8114.9100	0.8950
56.0	582.0	10326.0514	0.1580
163.0	930.0	10604.7326	0.0651
140.0	949.0	10686.8638	0.0377
115.0	820.0	10758.5352	0.0138
100.0	888.0	10644.5792	0.0518
68.0	818.0	10672.4790	0.0425
125.0	855.0	10752.3369	0.0159
62.0	881.0	10511.8080	0.0961
333.0	72.0	10745.9448	0.0180
259.0	150.0	10725.4927	0.0248
277.0	61.0	10706.8400	0.0311
278.0	54.0	10689.0102	0.0370
338.0	123.0	10628.6785	0.0571
322.0	165.0	10069.9757	0.2433
270.0	56.0	10681.7929	0.0394
424.0	296.0	10688.4993	0.0372
235.0	346.0	10530.8648	0.0897
236.0	296.0	10527.4520	0.0908
269.0	312.0	9970.5512	0.2765
243.0	248.0	10518.5867	0.0938
310.0	326.0	9559.3949	0.4135
304.0	244.0	9688.1487	0.3706
238.0	485.0	10367.7932	0.1441
346.0	487.0	6250.9295	1.1779
336.0	509.0	9731.8169	0.3561
254.0	545.0	9872.4198	0.3092
308.0	443.0	6279.5215	1.2660
178.0	454.0	10577.9419	0.0740
319.0	487.0	10183.3920	0.2055
257.0	726.0	10713.2147	0.0289
251.0	648.0	10162.1744	0.2126
284.0	695.0	10764.6131	0.0118
327.0	642.0	6242.0172	1.2055
338.0	764.0	9900.2339	0.2999
345.0	714.0	10291.0791	0.1696
245.0	704.0	10728.7176	0.0238
311.0	913.0	10542.6811	0.0858
328.0	893.0	10650.8378	0.0497
327.0	847.0	10577.2794	0.0742
300.0	914.0	10529.2766	0.0902
363.0	971.0	10657.8093	0.0474
305.0	856.0	10559.2564	0.0802
241.0	883.0	10220.0609	0.1933
484.0	75.0	10490.6395	0.1031
455.0	99.0	10657.2072	0.0476
585.0	42.0	10615.2397	0.0616
540.0	113.0	10493.7414	0.1021
492.0	144.0	9890.8833	0.3030
496.0	60.0	10754.3196	0.0152
478.0	101.0	10648.5403	0.0505
428.0	223.0	7190.1067	1.2033
496.0	305.0	10580.4953	0.0732
456.0	275.0	10737.4308	0.0209
536.0	336.0	7668.4665	1.0438
538.0	290.0	9072.0937	0.5760
441.0	303.0	10323.9654	0.1587
575.0	272.0	10537.9503	0.0873
445.0	502.0	9736.7989	0.3544
497.0	509.0	10780.9430	0.0064
588.0	465.0	7715.8783	1.0280
546.0	440.0	6812.1527	1.3293
435.0	491.0	10764.9722	0.0117
474.0	502.0	10389.9536	0.1367
472.0	494.0	10778.8618	0.0070
488.0	692.0	10760.2445	0.0133
455.0	781.0	9988.1460	0.2706
494.0	639.0	9892.9253	0.3024
515.0	624.0	6945.8592	1.2847
487.0	676.0	10636.4375	0.0545
497.0	739.0	9994.7966	0.2684
497.0	766.0	7804.1222	0.9986
435.0	908.0	10504.8987	0.0984
474.0	955.0	10759.1434	0.0136
436.0	876.0	10534.8140	0.0884
500.0	916.0	10544.0350	0.0853
480.0	967.0	10741.6072	0.0195
457.0	939.0	10474.7607	0.1084
450.0	877.0	9778.5692	0.3405
780.0	90.0	10395.5967	0.1348
639.0	110.0	10517.9322	0.0940
732.0	192.0	10052.5773	0.2491
697.0	199.0	10093.6180	0.2355
780.0	26.0	10757.3723	0.0142
736.0	77.0	10501.1974	0.0996
769.0	106.0	8821.6754	0.6594
725.0	293.0	10756.2375	0.0146
681.0	328.0	9801.6554	0.3328
683.0	257.0	10265.8287	0.1781
681.0	368.0	7134.4587	1.2218
689.0	321.0	10513.4507	0.0955
701.0	232.0	8634.4086	0.7219
659.0	275.0	10620.0092	0.0600
721.0	427.0	10611.5199	0.0628
668.0	508.0	10603.0254	0.0657
699.0	483.0	10480.6177	0.1065
711.0	544.0	10569.8200	0.0767
663.0	454.0	10685.3994	0.0382
688.0	467.0	10571.5351	0.0762
680.0	503.0	10548.3908	0.0839
682.0	575.0	6334.2105	1.0672
693.0	749.0	10773.0961	0.0090
740.0	698.0	9773.8652	0.3420
782.0	723.0	10764.9584	0.0117
742.0	734.0	10719.5248	0.0268
716.0	705.0	6437.6687	1.0998
709.0	767.0	10768.7678	0.0104
749.0	884.0	10238.6584	0.1871
668.0	943.0	10711.4293	0.0295
681.0	932.0	10717.1989	0.0276
695.0	915.0	10730.6234	0.0231
761.0	894.0	10556.4931	0.0812
624.0	841.0	8335.0759	0.8216
684.0	872.0	10765.8481	0.0114
897.0	135.0	10065.1793	0.2449
883.0	41.0	10645.4734	0.0515
984.0	3.0	10488.9741	0.1037
842.0	116.0	10433.0479	0.1223
918.0	91.0	10545.2233	0.0849
920.0	37.0	10545.5820	0.0848
978.0	123.0	10619.4561	0.0602
898.0	347.0	10765.4928	0.0115
920.0	266.0	10637.1904	0.0543
928.0	298.0	10695.5809	0.0348
961.0	305.0	10670.7053	0.0431
950.0	307.0	10691.3892	0.0362
983.0	238.0	10629.3409	0.0569
905.0	357.0	10770.9229	0.0097
941.0	622.0	10625.3988	0.0582
919.0	510.0	10763.5680	0.0121
924.0	478.0	10736.9261	0.0210
896.0	411.0	8818.7069	0.6604
925.0	522.0	10765.4424	0.0115
961.0	520.0	10742.5017	0.0192
877.0	566.0	9026.2098	0.5913
945.0	738.0	10571.5828	0.0761
814.0	672.0	8778.2300	0.6739
947.0	739.0	10550.9805	0.0830
939.0	675.0	10669.8170	0.0434
896.0	639.0	10750.7413	0.0164
936.0	706.0	10659.7468	0.0468
888.0	594.0	10720.1754	0.0266
920.0	844.0	10732.1147	0.0226
932.0	899.0	10647.1838	0.0509
895.0	890.0	10574.5478	0.0752
881.0	932.0	10587.6263	0.0708
819.0	834.0	9818.2075	0.3273
857.0	803.0	10502.9063	0.0990
861.0	803.0	10616.7043	0.0611
