500.0 500.0
118.0	108.0	10499.4114	0.1002
123.0	114.0	10553.7108	0.0821
34.0	163.0	10706.4170	0.0312
83.0	116.0	10558.9931	0.0803
97.0	104.0	10501.0151	0.0997
133.0	72.0	10761.5648	0.0128
75.0	99.0	10664.9711	0.0450
57.0	280.0	10698.1482	0.0340
5.0	277.0	10759.0501	0.0136
75.0	261.0	10577.2828	0.0742
66.0	336.0	10666.9530	0.0443
166.0	323.0	10555.4773	0.0815
79.0	267.0	9818.7458	0.3271
159.0	340.0	9321.5183	0.4928
65.0	583.0	10618.7212	0.0604
82.0	418.0	10519.2767	0.0936
115.0	447.0	10690.5868	0.0365
74.0	440.0	10657.2611	0.0476
113.0	542.0	10602.0896	0.0660
92.0	503.0	10551.9625	0.0827
203.0	564.0	9671.2164	0.3763
68.0	604.0	10602.1004	0.0660
139.0	670.0	8967.2698	0.6109
62.0	695.0	10760.3467	0.0132
123.0	760.0	10752.9830	0.0157
120.0	731.0	10640.0624	0.0533
140.0	684.0	10581.1911	0.0729
112.0	670.0	10624.6678	0.0584
190.0	939.0	10693.4355	0.0355
20.0	831.0	10611.4440	0.0629
123.0	878.0	10540.9701	0.0863
87.0	805.0	10346.9220	0.1510
90.0	873.0	10589.1446	0.0703
63.0	921.0	10697.1954	0.0343
187.0	919.0	10722.2311	0.0259
300.0	139.0	10714.8077	0.0284
311.0	176.0	10132.3718	0.2225
204.0	101.0	10295.4037	0.1682
381.0	132.0	10629.2010	0.0569
304.0	51.0	10555.5749	0.0815
332.0	67.0	10652.7488	0.0491
300.0	56.0	10576.9669	0.0743
243.0	291.0	10693.5410	0.0355
340.0	197.0	9568.6944	0.4104
310.0	250.0	9851.6230	0.3161
258.0	255.0	10716.6655	0.0278
252.0	324.0	9610.3485	0.3966
212.0	236.0	10564.6341	0.0785
232.0	312.0	9854.5971	0.3151
235.0	457.0	8694.0745	0.7020
295.0	497.0	10667.0413	0.0443
343.0	503.0	6276.3633	1.0119
326.0	481.0	10745.0035	0.0183
328.0	459.0	10395.6175	0.1348
255.0	557.0	10633.5288	0.0555
291.0	538.0	10605.6359	0.0648
291.0	746.0	10669.9025	0.0434
396.0	783.0	8142.6284	0.8858
337.0	767.0	10649.8300	0.0501
305.0	715.0	10621.5083	0.0595
340.0	734.0	9512.3865	0.4292
337.0	688.0	10592.6861	0.0691
273.0	622.0	8493.1588	0.7689
347.0	936.0	10772.6505	0.0091
319.0	978.0	10725.5817	0.0248
354.0	937.0	10489.9610	0.1033
273.0	853.0	10020.2341	0.2599
349.0	926.0	10556.3708	0.0812
326.0	988.0	10715.0588	0.0283
328.0	909.0	10598.9192	0.0670
533.0	52.0	10698.9506	0.0337
365.0	86.0	10706.4568	0.0312
449.0	134.0	9697.2988	0.3676
530.0	76.0	10738.0361	0.0207
508.0	89.0	10764.0695	0.0120
483.0	115.0	10552.0664	0.0826
502.0	126.0	10655.3693	0.0482
441.0	339.0	6005.6586	1.2112
444.0	332.0	10559.8753	0.0800
545.0	251.0	9417.1707	0.4609
415.0	311.0	10778.0360	0.0073
415.0	322.0	8817.4137	0.6609
488.0	291.0	10767.0089	0.0110
362.0	295.0	10271.8436	0.1761
502.0	557.0	9145.2903	0.5516
562.0	444.0	10757.8304	0.0141
521.0	481.0	10562.4975	0.0792
515.0	516.0	10781.0796	0.0063
519.0	462.0	9581.9742	0.4060
534.0	511.0	10276.6449	0.1745
421.0	481.0	9728.4112	0.3572
442.0	689.0	10082.0647	0.2393
500.0	832.0	10548.9118	0.0837
518.0	612.0	10587.9618	0.0707
489.0	730.0	10689.8424	0.0367
481.0	687.0	9554.8244	0.4151
512.0	682.0	8240.3335	0.8532
546.0	650.0	6164.3900	1.1485
384.0	893.0	10365.1836	0.1449
418.0	925.0	10597.4581	0.0675
560.0	960.0	10545.2117	0.0849
504.0	956.0	10497.7944	0.1007
453.0	805.0	10416.0379	0.1280
463.0	824.0	10546.8366	0.0844
487.0	828.0	10299.2485	0.1669
694.0	123.0	10633.7986	0.0554
648.0	79.0	10600.5000	0.0665
659.0	74.0	10581.8274	0.0727
662.0	64.0	10525.5070	0.0915
741.0	143.0	10157.3295	0.2142
739.0	109.0	10302.2370	0.1659
646.0	56.0	10656.5581	0.0478
713.0	324.0	6094.9243	1.2811
736.0	451.0	9500.9094	0.4330
668.0	219.0	9952.3010	0.2826
739.0	289.0	10429.9281	0.1234
624.0	445.0	10628.2424	0.0573
680.0	289.0	9831.0972	0.3230
671.0	256.0	10688.1327	0.0373
614.0	449.0	7666.6154	1.0445
687.0	523.0	8148.8865	0.8837
659.0	483.0	9465.6778	0.4448
579.0	478.0	10390.5962	0.1365
677.0	462.0	9541.0391	0.4197
725.0	473.0	10573.7346	0.0754
626.0	438.0	9925.6278	0.2915
706.0	670.0	9783.1691	0.3389
778.0	775.0	9996.8081	0.2677
689.0	670.0	6445.3861	1.4515
704.0	790.0	9663.1426	0.3790
681.0	720.0	9695.7375	0.3681
745.0	693.0	10578.6682	0.0738
761.0	703.0	10762.7089	0.0124
722.0	926.0	10626.0386	0.0580
750.0	900.0	10406.3942	0.1312
711.0	857.0	10606.6955	0.0644
717.0	924.0	10639.1319	0.0536
732.0	860.0	10299.0680	0.1670
731.0	930.0	10601.0401	0.0663
720.0	917.0	10664.3370	0.0452
944.0	120.0	10612.8386	0.0624
896.0	46.0	10763.2955	0.0122
967.0	93.0	10767.0192	0.0110
852.0	17.0	10589.3262	0.0702
906.0	123.0	10394.0401	0.1353
884.0	69.0	10555.0272	0.0817
900.0	110.0	10647.3398	0.0509
867.0	238.0	9567.7935	0.4107
916.0	251.0	10625.5487	0.0582
830.0	287.0	10684.9859	0.0383
935.0	335.0	10661.0645	0.0463
867.0	336.0	10526.3130	0.0912
942.0	288.0	10680.8498	0.0397
854.0	374.0	10156.4236	0.2145
833.0	441.0	10522.1724	0.0926
817.0	388.0	10173.4529	0.2088
894.0	501.0	10721.8550	0.0260
994.0	505.0	10521.2263	0.0929
913.0	525.0	10626.6714	0.0578
790.0	468.0	10275.8424	0.1747
840.0	527.0	10229.4631	0.1902
954.0	745.0	10634.8083	0.0551
888.0	678.0	10600.8660	0.0664
939.0	662.0	10567.4743	0.0775
851.0	656.0	10342.7610	0.1524
892.0	690.0	10310.1707	0.1633
830.0	561.0	10306.4111	0.1645
853.0	695.0	10565.3282	0.0782
936.0	898.0	10751.2031	0.0163
847.0	874.0	10401.3619	0.1329
869.0	934.0	10532.3022	0.0892
889.0	941.0	10572.5803	0.0758
942.0	840.0	10508.8200	0.0971
904.0	891.0	10536.4703	0.0878
967.0	861.0	10689.7044	0.0368
