filename T #1 #2 #3 #4 #5 #6 #7 #8 #9 #10
1.txt 100000.0 344.26898004122637 303.65049056838325 303.65049056838325 303.65049056838325 303.65049056838325 303.65049056838325 303.65049056838325 303.65049056838325 303.65049056838325 303.65049056838325 
10.txt 100000.0 376.1343660091822 376.1343660091822 376.1343660091822 376.1343660091822 376.1343660091822 376.1343660091822 376.1343660091822 376.1343660091822 376.1343660091822 376.1343660091822 
2.txt 100000.0 357.8490715265963 357.8490715265963 357.8490715265963 357.8490715265963 357.8490715265963 357.8490715265963 357.8490715265963 357.8490715265963 357.8490715265963 357.8490715265963 
3.txt 100000.0 317.37900992443696 317.37900992443696 317.37900992443696 317.37900992443696 317.37900992443696 317.37900992443696 317.37900992443696 317.37900992443696 317.37900992443696 317.37900992443696 
4.txt 100000.0 350.1839582826857 350.1839582826857 350.1839582826857 350.1839582826857 350.1839582826857 350.1839582826857 350.1839582826857 350.1839582826857 350.1839582826857 350.1839582826857 
5.txt 100000.0 335.7437088816348 335.7437088816348 335.7437088816348 335.7437088816348 335.7437088816348 335.7437088816348 335.7437088816348 335.7437088816348 335.7437088816348 335.7437088816348 
6.txt 100000.0 301.97309593925695 301.97309593925695 301.97309593925695 301.97309593925695 301.97309593925695 301.97309593925695 301.97309593925695 301.97309593925695 301.97309593925695 301.97309593925695 
7.txt 100000.0 383.624452602236 383.624452602236 383.624452602236 383.624452602236 383.624452602236 383.624452602236 383.624452602236 383.624452602236 383.624452602236 383.624452602236 
8.txt 100000.0 361.53044523763157 361.53044523763157 361.53044523763157 361.53044523763157 361.53044523763157 361.53044523763157 361.53044523763157 361.53044523763157 361.53044523763157 361.53044523763157 
9.txt 100000.0 340.46861472837406 340.46861472837406 340.46861472837406 340.46861472837406 340.46861472837406 340.46861472837406 340.46861472837406 340.46861472837406 340.46861472837406 340.46861472837406 
1.txt 200000.0 1213.6208865976446 1147.5549928254777 1147.5549928254777 1147.5549928254777 1147.5549928254777 1147.5549928254777 1147.5549928254777 1147.5549928254777 1147.5549928254777 1147.5549928254777 
10.txt 200000.0 1494.5136540413723 1494.5136540413723 1494.5136540413723 1494.5136540413723 1494.5136540413723 1494.5136540413723 1494.5136540413723 1494.5136540413723 1494.5136540413723 1494.5136540413723 
2.txt 200000.0 1459.371076187186 1459.371076187186 1459.371076187186 1459.371076187186 1459.371076187186 1459.371076187186 1459.371076187186 1459.371076187186 1459.371076187186 1459.371076187186 
3.txt 200000.0 1300.5407003700068 1300.5407003700068 1300.5407003700068 1300.5407003700068 1300.5407003700068 1300.5407003700068 1300.5407003700068 1300.5407003700068 1300.5407003700068 1300.5407003700068 
4.txt 200000.0 1581.15454608418 1581.15454608418 1581.15454608418 1581.15454608418 1581.15454608418 1581.15454608418 1581.15454608418 1581.15454608418 1581.15454608418 1581.15454608418 
5.txt 200000.0 1678.230254697062 1678.230254697062 1678.230254697062 1678.230254697062 1678.230254697062 1678.230254697062 1678.230254697062 1678.230254697062 1678.230254697062 1678.230254697062 
6.txt 200000.0 1572.6507777122001 1572.6507777122001 1572.6507777122001 1572.6507777122001 1572.6507777122001 1572.6507777122001 1572.6507777122001 1572.6507777122001 1572.6507777122001 1572.6507777122001 
7.txt 200000.0 1474.8203591995286 1474.8203591995286 1474.8203591995286 1474.8203591995286 1474.8203591995286 1474.8203591995286 1474.8203591995286 1474.8203591995286 1474.8203591995286 1474.8203591995286 
8.txt 200000.0 1830.7266584058707 1830.7266584058707 1830.7266584058707 1830.7266584058707 1830.7266584058707 1830.7266584058707 1830.7266584058707 1830.7266584058707 1830.7266584058707 1830.7266584058707 
9.txt 200000.0 1324.7441638345952 1324.7441638345952 1324.7441638345952 1324.7441638345952 1324.7441638345952 1324.7441638345952 1324.7441638345952 1324.7441638345952 1324.7441638345952 1324.7441638345952 
1.txt 300000.0 2261.422194275525 2152.6436108858124 2152.6436108858124 2152.6436108858124 2152.6436108858124 2152.6436108858124 2152.6436108858124 2152.6436108858124 2152.6436108858124 2152.6436108858124 
10.txt 300000.0 2610.853189036953 2610.853189036953 2610.853189036953 2610.853189036953 2610.853189036953 2610.853189036953 2610.853189036953 2610.853189036953 2610.853189036953 2610.853189036953 
2.txt 300000.0 2529.8617675904807 2529.8617675904807 2529.8617675904807 2529.8617675904807 2529.8617675904807 2529.8617675904807 2529.8617675904807 2529.8617675904807 2529.8617675904807 2529.8617675904807 
3.txt 300000.0 2817.717807870058 2817.717807870058 2817.717807870058 2817.717807870058 2817.717807870058 2817.717807870058 2817.717807870058 2817.717807870058 2817.717807870058 2817.717807870058 
4.txt 300000.0 2899.139310968961 2899.139310968961 2899.139310968961 2899.139310968961 2899.139310968961 2899.139310968961 2899.139310968961 2899.139310968961 2899.139310968961 2899.139310968961 
5.txt 300000.0 2488.185447788069 2488.185447788069 2488.185447788069 2488.185447788069 2488.185447788069 2488.185447788069 2488.185447788069 2488.185447788069 2488.185447788069 2488.185447788069 
6.txt 300000.0 2579.8284004718394 2579.8284004718394 2579.8284004718394 2579.8284004718394 2579.8284004718394 2579.8284004718394 2579.8284004718394 2579.8284004718394 2579.8284004718394 2579.8284004718394 
7.txt 300000.0 2402.1996702133683 2402.1996702133683 2402.1996702133683 2402.1996702133683 2402.1996702133683 2402.1996702133683 2402.1996702133683 2402.1996702133683 2402.1996702133683 2402.1996702133683 
8.txt 300000.0 2582.1107976878957 2582.1107976878957 2582.1107976878957 2582.1107976878957 2582.1107976878957 2582.1107976878957 2582.1107976878957 2582.1107976878957 2582.1107976878957 2582.1107976878957 
9.txt 300000.0 2667.7947583576774 2667.7947583576774 2667.7947583576774 2667.7947583576774 2667.7947583576774 2667.7947583576774 2667.7947583576774 2667.7947583576774 2667.7947583576774 2667.7947583576774 
1.txt 400000.0 4007.809204363341 3796.7687916746077 3796.7687916746077 3796.7687916746077 3796.7687916746077 3796.7687916746077 3796.7687916746077 3796.7687916746077 3796.7687916746077 3796.7687916746077 
10.txt 400000.0 4479.612674554843 4479.612674554843 4479.612674554843 4479.612674554843 4479.612674554843 4479.612674554843 4479.612674554843 4479.612674554843 4479.612674554843 4479.612674554843 
2.txt 400000.0 4298.577603201266 4298.577603201266 4298.577603201266 4298.577603201266 4298.577603201266 4298.577603201266 4298.577603201266 4298.577603201266 4298.577603201266 4298.577603201266 
3.txt 400000.0 3577.40126068667 3577.40126068667 3577.40126068667 3577.40126068667 3577.40126068667 3577.40126068667 3577.40126068667 3577.40126068667 3577.40126068667 3577.40126068667 
4.txt 400000.0 3938.557414396949 3938.557414396949 3938.557414396949 3938.557414396949 3938.557414396949 3938.557414396949 3938.557414396949 3938.557414396949 3938.557414396949 3938.557414396949 
5.txt 400000.0 3458.821910519499 3458.821910519499 3458.821910519499 3458.821910519499 3458.821910519499 3458.821910519499 3458.821910519499 3458.821910519499 3458.821910519499 3458.821910519499 
6.txt 400000.0 3702.724253567517 3702.724253567517 3702.724253567517 3702.724253567517 3702.724253567517 3702.724253567517 3702.724253567517 3702.724253567517 3702.724253567517 3702.724253567517 
7.txt 400000.0 3891.5100937729117 3891.5100937729117 3891.5100937729117 3891.5100937729117 3891.5100937729117 3891.5100937729117 3891.5100937729117 3891.5100937729117 3891.5100937729117 3891.5100937729117 
8.txt 400000.0 3780.0737339401603 3780.0737339401603 3780.0737339401603 3780.0737339401603 3780.0737339401603 3780.0737339401603 3780.0737339401603 3780.0737339401603 3780.0737339401603 3780.0737339401603 
9.txt 400000.0 3669.870216014667 3669.870216014667 3669.870216014667 3669.870216014667 3669.870216014667 3669.870216014667 3669.870216014667 3669.870216014667 3669.870216014667 3669.870216014667 
1.txt 500000.0 4007.809204363341 4462.448081948003 4462.448081948003 4462.448081948003 4462.448081948003 4462.448081948003 4462.448081948003 4462.448081948003 4462.448081948003 4462.448081948003 
10.txt 500000.0 4719.967830777561 4719.967830777561 4719.967830777561 4719.967830777561 4719.967830777561 4719.967830777561 4719.967830777561 4719.967830777561 4719.967830777561 4719.967830777561 
2.txt 500000.0 4840.306728605215 4840.306728605215 4840.306728605215 4840.306728605215 4840.306728605215 4840.306728605215 4840.306728605215 4840.306728605215 4840.306728605215 4840.306728605215 
3.txt 500000.0 3577.40126068667 3577.40126068667 3577.40126068667 3577.40126068667 3577.40126068667 3577.40126068667 3577.40126068667 3577.40126068667 3577.40126068667 3577.40126068667 
4.txt 500000.0 5855.305618534197 5855.305618534197 5855.305618534197 5855.305618534197 5855.305618534197 5855.305618534197 5855.305618534197 5855.305618534197 5855.305618534197 5855.305618534197 
5.txt 500000.0 3458.821910519499 3458.821910519499 3458.821910519499 3458.821910519499 3458.821910519499 3458.821910519499 3458.821910519499 3458.821910519499 3458.821910519499 3458.821910519499 
6.txt 500000.0 4755.636612195346 4755.636612195346 4755.636612195346 4755.636612195346 4755.636612195346 4755.636612195346 4755.636612195346 4755.636612195346 4755.636612195346 4755.636612195346 
7.txt 500000.0 5794.825291386055 5794.825291386055 5794.825291386055 5794.825291386055 5794.825291386055 5794.825291386055 5794.825291386055 5794.825291386055 5794.825291386055 5794.825291386055 
8.txt 500000.0 4865.1701291455165 4865.1701291455165 4865.1701291455165 4865.1701291455165 4865.1701291455165 4865.1701291455165 4865.1701291455165 4865.1701291455165 4865.1701291455165 4865.1701291455165 
9.txt 500000.0 5428.113204090726 5428.113204090726 5428.113204090726 5428.113204090726 5428.113204090726 5428.113204090726 5428.113204090726 5428.113204090726 5428.113204090726 5428.113204090726 
