250.0 250.0
69.0 34.0 0.0342 10697.5395
122.0 21.0 0.0408 10677.7145
166.0 35.0 0.0398 10680.7234
235.0 22.0 0.0289 10713.3019
274.0 28.0 0.0322 10703.3936
319.0 35.0 0.0395 10681.3841
426.0 29.0 0.0341 10697.5679
28.0 71.0 0.0401 10679.7908
68.0 84.0 0.1015 10495.4810
120.0 83.0 0.1085 10474.3542
183.0 78.0 0.0979 10506.2595
234.0 82.0 0.2275 10117.3881
266.0 67.0 0.0327 10702.0415
315.0 74.0 0.0347 10696.0416
381.0 83.0 0.1702 10289.3793
417.0 83.0 0.0282 10715.4268
485.0 78.0 0.0329 10701.4410
23.0 114.0 0.0357 10692.9324
83.0 133.0 0.0957 10512.9348
132.0 114.0 0.1962 10211.5450
182.0 128.0 0.1610 10317.0333
221.0 132.0 0.2032 10190.4769
275.0 134.0 0.4423 9473.1220
319.0 116.0 0.3355 9793.3994
384.0 130.0 0.1137 10458.8816
429.0 116.0 0.1129 10461.3016
464.0 122.0 0.0371 10688.7961
15.0 179.0 0.0338 10698.6650
74.0 169.0 0.1004 10498.7499
125.0 181.0 0.1504 10348.7204
183.0 185.0 0.2231 10130.7740
228.0 172.0 0.2596 10021.2531
275.0 185.0 0.6730 7905.5935
322.0 184.0 0.1690 10293.1212
383.0 182.0 0.2468 10059.6329
414.0 180.0 0.0848 10545.5986
465.0 168.0 0.0406 10678.1776
32.0 227.0 0.0238 10728.6434
75.0 215.0 0.2095 10171.4026
128.0 214.0 0.6257 8922.8356
169.0 214.0 0.2803 9959.0823
235.0 220.0 0.4046 9586.3390
268.0 229.0 0.1800 10260.0614
327.0 231.0 0.3299 9810.3082
384.0 219.0 0.1908 10227.7198
423.0 217.0 0.0985 10504.3758
474.0 216.0 0.0254 10723.7367
30.0 282.0 0.0398 10680.5307
68.0 274.0 0.1168 10449.5016
122.0 271.0 0.1520 10343.9704
179.0 277.0 0.5763 7980.5642
232.0 273.0 0.2349 10095.3662
265.0 267.0 0.0188 10743.6469
321.0 274.0 0.7661 7085.4188
383.0 273.0 0.4758 9372.6028
429.0 264.0 0.0818 10554.5564
467.0 273.0 0.0415 10675.5339
30.0 325.0 0.0307 10707.7772
72.0 327.0 0.1058 10482.6594
131.0 334.0 0.4538 9438.7040
171.0 330.0 0.2645 10006.3646
233.0 316.0 0.7682 8495.4702
270.0 329.0 0.3357 9793.0089
330.0 334.0 0.2209 10137.1757
383.0 318.0 0.1076 10477.0662
433.0 322.0 0.1020 10494.0719
478.0 317.0 0.0343 10697.2466
20.0 364.0 0.0307 10707.8183
73.0 382.0 0.1069 10479.3088
127.0 381.0 0.0995 10501.5548
174.0 379.0 0.0418 10674.5040
222.0 368.0 0.3906 9628.3229
274.0 384.0 0.1838 10248.6269
334.0 364.0 0.2436 10069.3087
366.0 384.0 0.1585 10324.6013
415.0 367.0 0.1124 10462.6960
476.0 369.0 0.0310 10706.9562
19.0 427.0 0.0340 10697.9258
75.0 427.0 0.0338 10698.5790
133.0 416.0 0.2607 10017.9948
180.0 417.0 0.0430 10671.0206
225.0 416.0 0.2024 10192.8780
266.0 425.0 0.1027 10492.0060
330.0 425.0 0.0333 10700.0629
369.0 416.0 0.0308 10707.6027
417.0 434.0 0.0347 10695.9193
471.0 427.0 0.0397 10680.7622
80.0 466.0 0.0350 10695.0956
119.0 485.0 0.0341 10697.7217
164.0 470.0 0.0397 10680.8371
215.0 481.0 0.0318 10704.6985
271.0 480.0 0.0385 10684.4716
327.0 477.0 0.0386 10684.2419
380.0 464.0 0.0394 10681.6744
53.0 446.0 0.0414 10675.7208
40.0 37.0 0.0272 10718.4075
455.0 62.0 0.0372 10688.3409
439.0 382.0 0.0419 10674.3529
295.0 436.0 0.0279 10716.4323
348.0 85.0 0.0431 10670.6869
