250.0 250.0
77.0 29.0 0.0429 10671.4147
103.0 35.0 0.0436 10669.2705
168.0 35.0 0.0336 10699.0890
207.0 26.0 0.0425 10672.3545
239.0 33.0 0.0338 10698.4868
284.0 15.0 0.0412 10676.5314
337.0 20.0 0.0403 10679.1072
375.0 35.0 0.0355 10693.5243
427.0 18.0 0.0259 10722.1566
13.0 80.0 0.0377 10687.0063
64.0 74.0 0.0275 10717.3619
103.0 81.0 0.1177 10446.9556
161.0 54.0 0.0894 10531.8416
209.0 69.0 0.0257 10722.8144
247.0 75.0 0.0310 10706.9252
297.0 81.0 0.0354 10693.7835
345.0 69.0 0.0392 10682.2746
394.0 58.0 0.1642 10307.2826
426.0 68.0 0.0453 10664.0907
463.0 75.0 0.0354 10693.7593
32.0 122.0 0.0435 10669.4417
56.0 105.0 0.0392 10682.2566
102.0 116.0 0.1112 10466.4377
147.0 111.0 0.1108 10467.4614
194.0 100.0 0.2315 10105.6472
247.0 103.0 0.2356 10093.2742
297.0 115.0 0.1239 10428.3284
343.0 102.0 0.4205 9538.5901
395.0 104.0 0.1592 10322.3193
420.0 122.0 0.0430 10670.9511
469.0 101.0 0.0356 10693.3046
31.0 155.0 0.1175 10447.4175
76.0 149.0 0.0425 10672.4933
108.0 167.0 0.3018 9894.4659
160.0 171.0 0.2179 10146.3336
203.0 167.0 0.4385 9484.6072
262.0 171.0 0.4735 9379.4545
305.0 154.0 0.6242 8927.3970
352.0 150.0 0.3324 9802.7165
397.0 159.0 0.1067 10480.0418
431.0 149.0 0.0352 10694.3638
480.0 164.0 0.0407 10678.0006
24.0 198.0 0.0350 10694.9591
81.0 191.0 0.0417 10674.8102
115.0 206.0 0.0977 10506.9308
164.0 208.0 0.5193 9242.1433
210.0 203.0 0.2855 9943.5895
253.0 216.0 0.6320 7686.3796
292.0 204.0 0.6730 8781.1190
348.0 216.0 0.2209 10137.1897
376.0 198.0 0.1904 10228.8526
430.0 194.0 0.0413 10676.0156
482.0 199.0 0.0425 10672.6437
25.0 248.0 0.0392 10682.3553
60.0 243.0 0.0316 10705.1206
106.0 248.0 0.1610 10317.1328
170.0 244.0 0.6940 8718.1286
206.0 261.0 0.3129 9861.1891
256.0 250.0 0.0171 10748.6127
297.0 250.0 0.5085 7027.0014
350.0 258.0 0.6959 8712.2741
383.0 256.0 0.1192 10442.5159
421.0 260.0 0.1706 10288.1026
470.0 263.0 0.0430 10670.9431
28.0 282.0 0.0417 10674.8093
76.0 291.0 0.0333 10700.1342
120.0 308.0 0.1106 10468.2025
145.0 298.0 0.2390 10082.9352
197.0 291.0 0.1650 10304.8888
252.0 290.0 0.7765 7974.8981
292.0 284.0 0.3923 9622.9603
337.0 301.0 0.0419 10674.2190
384.0 284.0 0.1385 10384.5784
433.0 292.0 0.0451 10664.7346
473.0 302.0 0.0322 10703.3507
30.0 330.0 0.0416 10675.0684
64.0 350.0 0.0340 10697.9904
112.0 353.0 0.1903 10229.0705
165.0 337.0 0.0417 10674.9317
195.0 342.0 0.6423 7351.1449
242.0 346.0 0.6484 8854.8736
295.0 343.0 0.3699 9690.2946
344.0 350.0 0.4162 9551.3869
388.0 333.0 0.2666 10000.2386
443.0 335.0 0.1101 10469.8017
471.0 333.0 0.0409 10677.4006
34.0 384.0 0.0410 10677.0928
65.0 385.0 0.0380 10686.0422
109.0 375.0 0.1176 10447.3210
158.0 380.0 0.2068 10179.5485
202.0 393.0 0.0940 10517.9183
253.0 385.0 0.0790 10562.8886
298.0 389.0 0.1012 10496.5041
344.0 398.0 0.1758 10272.7251
376.0 394.0 0.0881 10535.7818
434.0 389.0 0.1038 10488.6232
466.0 391.0 0.0297 10710.8891
33.0 442.0 0.0393 10682.1020
60.0 440.0 0.0398 10680.4847
113.0 432.0 0.1664 10300.6892
167.0 423.0 0.1184 10444.7794
214.0 424.0 0.1156 10453.2563
258.0 422.0 0.1091 10472.6920
307.0 427.0 0.1176 10447.1360
342.0 443.0 0.0332 10700.4160
373.0 427.0 0.1892 10232.4206
420.0 430.0 0.0406 10678.1768
470.0 429.0 0.0270 10719.1450
60.0 488.0 0.0367 10689.8495
116.0 482.0 0.0377 10686.9636
150.0 484.0 0.0436 10669.3455
207.0 471.0 0.0377 10686.7771
244.0 480.0 0.0293 10712.2429
296.0 463.0 0.0448 10665.6042
351.0 480.0 0.0401 10679.8212
394.0 485.0 0.0302 10709.3085
443.0 470.0 0.0401 10679.6432
259.0 96.0 0.1057 10482.8949
365.0 490.0 0.0421 10673.5621
143.0 379.0 0.1612 10316.4367
97.0 208.0 0.2598 10020.5380
39.0 45.0 0.0348 10695.4565
450.0 29.0 0.0303 10708.9732
438.0 440.0 0.0374 10687.9011
74.0 422.0 0.0398 10680.6956
