250.0 250.0
51.0 21.0 0.0417 10674.7583
103.0 10.0 0.0403 10679.1719
130.0 18.0 0.0424 10672.7695
164.0 11.0 0.0443 10667.1120
200.0 15.0 0.0358 10692.6110
254.0 29.0 0.0364 10690.7132
287.0 13.0 0.0439 10668.2715
315.0 12.0 0.0412 10676.3549
369.0 18.0 0.0418 10674.6749
408.0 13.0 0.0428 10671.6379
445.0 18.0 0.0436 10669.3322
28.0 68.0 0.0307 10707.7605
68.0 46.0 0.0404 10678.8084
85.0 52.0 0.0386 10684.2549
131.0 52.0 0.1136 10459.3114
180.0 61.0 0.0352 10694.4799
215.0 60.0 0.0430 10671.1119
249.0 65.0 0.1035 10489.4738
278.0 49.0 0.0313 10706.0529
336.0 63.0 0.1050 10485.1331
358.0 51.0 0.0415 10675.4282
401.0 64.0 0.0412 10676.3209
434.0 60.0 0.0394 10681.9199
472.0 52.0 0.0434 10669.7011
15.0 93.0 0.0266 10720.3380
57.0 85.0 0.0428 10671.4901
106.0 87.0 0.0333 10700.2120
128.0 103.0 0.1947 10215.8900
174.0 103.0 0.0995 10501.6443
204.0 90.0 0.3533 9740.1618
245.0 104.0 0.1604 10318.7228
289.0 101.0 0.1818 10254.7142
325.0 107.0 0.0347 10695.9094
366.0 103.0 0.1855 10243.5593
392.0 88.0 0.1863 10240.9803
434.0 97.0 0.0398 10680.7470
481.0 106.0 0.0335 10699.3660
12.0 132.0 0.0319 10704.4416
58.0 124.0 0.1717 10284.8347
104.0 129.0 0.1164 10450.9475
125.0 139.0 0.1171 10448.7306
183.0 137.0 0.0335 10699.6320
204.0 130.0 0.2734 9979.7390
253.0 138.0 0.2589 10023.3346
291.0 143.0 0.0352 10694.3580
328.0 137.0 0.5775 9067.6329
366.0 141.0 0.1782 10265.2638
413.0 124.0 0.1184 10444.7630
436.0 134.0 0.1027 10492.0358
473.0 132.0 0.0451 10664.6809
25.0 169.0 0.0384 10684.6847
55.0 183.0 0.1036 10489.1720
104.0 179.0 0.3458 9762.6807
137.0 173.0 0.0358 10692.5289
175.0 174.0 0.4038 9588.6116
206.0 164.0 0.3540 9737.9947
247.0 167.0 0.6779 7501.8589
293.0 173.0 0.1200 10440.0085
333.0 176.0 0.2665 10000.3775
372.0 166.0 0.1587 10323.8227
396.0 178.0 0.1090 10472.9494
443.0 176.0 0.0435 10669.5752
491.0 170.0 0.0294 10711.7574
17.0 208.0 0.0429 10671.4466
57.0 210.0 0.0436 10669.0555
104.0 216.0 0.1827 10252.0261
125.0 203.0 0.2676 9997.1749
183.0 212.0 0.6060 8982.0226
205.0 203.0 0.1622 10313.3565
249.0 204.0 0.6085 8974.3559
278.0 215.0 0.6015 8995.4597
321.0 202.0 0.6497 8850.9671
362.0 210.0 0.2747 9975.8179
401.0 207.0 0.2045 10186.4019
439.0 200.0 0.1094 10471.6984
485.0 206.0 0.0415 10675.5235
22.0 238.0 0.0416 10675.2342
49.0 248.0 0.0439 10668.4088
93.0 240.0 0.0337 10698.9124
141.0 238.0 0.1549 10335.4141
163.0 249.0 0.4245 9526.5831
201.0 241.0 0.5584 9124.8907
245.0 259.0 0.0680 10596.0920
280.0 241.0 0.7660 7559.0431
328.0 258.0 0.7055 7484.0345
363.0 251.0 0.1902 10229.4727
409.0 251.0 0.0400 10680.0455
446.0 240.0 0.0408 10677.4980
478.0 240.0 0.0417 10674.9647
8.0 279.0 0.0380 10686.0867
68.0 292.0 0.0381 10685.7890
86.0 285.0 0.1920 10224.0621
146.0 282.0 0.1000 10500.1494
173.0 296.0 0.2057 10182.8178
209.0 292.0 0.5672 7668.4211
255.0 296.0 0.5998 7875.3374
286.0 281.0 0.3788 9663.6770
329.0 299.0 0.7437 8568.9342
354.0 298.0 0.1023 10493.0308
396.0 285.0 0.1045 10486.5061
434.0 281.0 0.0370 10688.9270
480.0 289.0 0.0410 10676.9622
27.0 333.0 0.0364 10690.7264
52.0 318.0 0.0419 10674.3125
101.0 327.0 0.1102 10469.3858
138.0 315.0 0.5940 9018.1298
184.0 322.0 0.0425 10672.5416
211.0 318.0 0.7570 8529.1298
239.0 331.0 0.1129 10461.2625
297.0 334.0 0.2133 10160.1189
330.0 325.0 0.1852 10244.4742
364.0 326.0 0.3232 9830.3866
411.0 331.0 0.2765 9970.5320
434.0 320.0 0.0408 10677.6899
480.0 332.0 0.0333 10700.1543
9.0 371.0 0.0424 10672.7572
67.0 355.0 0.1134 10459.6973
95.0 372.0 0.3069 9879.3432
144.0 363.0 0.2582 10025.5475
170.0 361.0 0.3286 9814.2580
212.0 373.0 0.1209 10437.2133
259.0 376.0 0.2563 10031.0591
280.0 362.0 0.1700 10289.9428
320.0 363.0 0.2810 9957.0646
364.0 360.0 0.3731 9680.8257
412.0 374.0 0.0998 10500.6776
440.0 359.0 0.1151 10454.6251
482.0 370.0 0.0392 10682.3913
10.0 408.0 0.0378 10686.5007
67.0 409.0 0.2042 10187.3016
106.0 406.0 0.0372 10688.3007
123.0 404.0 0.0965 10510.5788
183.0 415.0 0.1175 10447.6423
209.0 406.0 0.1991 10202.7771
253.0 396.0 0.2007 10197.7702
295.0 394.0 0.0411 10676.6258
324.0 409.0 0.1835 10249.4726
374.0 393.0 0.1133 10460.1576
404.0 407.0 0.0937 10518.9383
443.0 393.0 0.0421 10673.5928
491.0 401.0 0.0408 10677.5230
13.0 451.0 0.0331 10700.7606
67.0 444.0 0.0367 10689.9690
98.0 449.0 0.0375 10687.6011
128.0 435.0 0.0418 10674.6134
168.0 448.0 0.0425 10672.5310
208.0 434.0 0.0372 10688.3763
259.0 448.0 0.0441 10667.6629
298.0 431.0 0.0343 10697.1330
324.0 452.0 0.1242 10427.5161
354.0 443.0 0.0428 10671.4768
406.0 431.0 0.1138 10458.5563
432.0 439.0 0.0358 10692.6848
488.0 433.0 0.0438 10668.7393
50.0 490.0 0.0398 10680.6942
89.0 470.0 0.0361 10691.6423
138.0 481.0 0.0387 10683.8683
167.0 470.0 0.0373 10688.2289
201.0 479.0 0.0355 10693.3678
238.0 472.0 0.0373 10688.1418
298.0 473.0 0.0449 10665.4265
334.0 489.0 0.0391 10682.6540
362.0 484.0 0.0409 10677.3790
395.0 484.0 0.0379 10686.3846
446.0 489.0 0.0334 10699.8817
498.0 311.0 0.0453 10663.9971
33.0 367.0 0.0383 10685.1560
56.0 245.0 0.0419 10674.1670
387.0 318.0 0.0411 10676.6288
340.0 200.0 0.0348 10695.5862
465.0 462.0 0.0398 10680.6137
40.0 430.0 0.0388 10683.6955
481.0 65.0 0.0400 10679.9714
149.0 78.0 0.1076 10477.0926
115.0 274.0 0.0268 10719.5365
