250.0 250.0
29.0 27.0 0.0414 10675.7124
63.0 22.0 0.0304 10708.8070
99.0 15.0 0.0306 10708.0536
157.0 26.0 0.0372 10688.4027
188.0 10.0 0.0446 10666.2060
239.0 25.0 0.0326 10702.0549
258.0 27.0 0.0421 10673.7693
318.0 31.0 0.0422 10673.2668
364.0 16.0 0.0416 10675.3297
401.0 16.0 0.0453 10664.2002
434.0 27.0 0.0439 10668.2147
28.0 62.0 0.0447 10666.0260
70.0 64.0 0.0393 10682.1851
101.0 72.0 0.2851 9944.7154
149.0 55.0 0.1204 10438.7387
184.0 58.0 0.0458 10662.6644
224.0 73.0 0.0372 10688.3865
281.0 65.0 0.0420 10674.0318
303.0 62.0 0.0354 10693.7449
364.0 63.0 0.0413 10676.1445
394.0 51.0 0.0443 10667.1741
439.0 69.0 0.0430 10670.8564
488.0 74.0 0.0313 10706.0671
13.0 95.0 0.0348 10695.6411
55.0 110.0 0.0405 10678.3814
106.0 105.0 0.0946 10516.1171
142.0 102.0 0.1171 10448.7882
184.0 99.0 0.1784 10264.9175
228.0 92.0 0.0914 10525.8800
280.0 109.0 0.1801 10259.8017
316.0 93.0 0.1160 10452.0217
342.0 99.0 0.1175 10447.5732
392.0 105.0 0.1829 10251.3652
440.0 93.0 0.0397 10680.8412
476.0 95.0 0.0385 10684.4953
13.0 143.0 0.0393 10682.0370
71.0 137.0 0.1178 10446.5904
94.0 141.0 0.1058 10482.6960
156.0 143.0 0.6884 7510.2996
192.0 154.0 0.0376 10687.0826
234.0 150.0 0.2300 10109.8920
258.0 148.0 0.1012 10496.5435
318.0 134.0 0.3696 9691.3094
356.0 157.0 0.0446 10666.0975
389.0 158.0 0.1944 10216.7716
425.0 155.0 0.1938 10218.6213
483.0 143.0 0.0435 10669.6134
18.0 195.0 0.0422 10673.2720
67.0 177.0 0.0388 10683.7297
106.0 175.0 0.1093 10472.2232
145.0 195.0 0.2733 9980.1823
184.0 176.0 0.5653 9104.0435
225.0 195.0 0.7897 8431.0026
272.0 186.0 0.7631 8510.8087
304.0 176.0 0.7825 8452.5859
345.0 199.0 0.0397 10681.0272
384.0 191.0 0.0397 10681.0065
434.0 179.0 0.0332 10700.4406
474.0 176.0 0.0424 10672.9037
29.0 241.0 0.0417 10674.7741
61.0 227.0 0.0394 10681.9445
114.0 232.0 0.1202 10439.4801
142.0 229.0 0.0963 10511.0192
187.0 236.0 0.0311 10706.5537
239.0 216.0 0.7726 7883.0937
275.0 241.0 0.7117 8664.9174
305.0 239.0 0.7693 8492.1860
346.0 237.0 0.2619 10014.2276
389.0 232.0 0.6422 8873.3336
442.0 221.0 0.0878 10536.6046
476.0 223.0 0.0423 10673.0952
28.0 271.0 0.0350 10695.0529
68.0 265.0 0.1076 10477.1684
100.0 268.0 0.2761 9971.7110
144.0 269.0 0.3205 9838.5056
195.0 266.0 0.5258 9222.6586
220.0 276.0 0.5295 7803.0242
267.0 262.0 0.5946 9016.3422
304.0 280.0 0.2857 9942.7514
352.0 279.0 0.0420 10674.0591
406.0 272.0 0.0999 10500.4248
428.0 272.0 0.0449 10665.3731
473.0 263.0 0.0454 10663.6681
18.0 305.0 0.0460 10661.9893
50.0 304.0 0.0304 10708.6975
111.0 318.0 0.1600 10319.9497
140.0 302.0 0.2654 10003.6668
175.0 313.0 0.6547 8835.8723
237.0 323.0 0.7337 8599.0328
277.0 315.0 0.7741 7993.5252
310.0 324.0 0.3182 9845.3160
355.0 301.0 0.1846 10246.0932
387.0 314.0 0.1254 10423.6918
443.0 324.0 0.0282 10715.2680
478.0 300.0 0.0368 10689.7058
19.0 349.0 0.0380 10686.1124
69.0 351.0 0.1945 10216.5981
100.0 344.0 0.1861 10241.6113
142.0 362.0 0.0324 10702.7406
175.0 356.0 0.2372 10088.3355
241.0 354.0 0.3315 9805.3619
269.0 346.0 0.0412 10676.3609
313.0 359.0 0.1107 10467.8652
352.0 360.0 0.5044 9286.8256
387.0 357.0 0.1923 10223.0779
425.0 352.0 0.1197 10441.0295
468.0 355.0 0.0398 10680.5104
11.0 394.0 0.0347 10695.9908
50.0 405.0 0.1099 10470.4000
92.0 397.0 0.0390 10683.0982
146.0 390.0 0.0381 10685.5914
192.0 392.0 0.2629 10011.2597
223.0 400.0 0.1090 10472.9220
265.0 393.0 0.1848 10245.4562
304.0 387.0 0.1790 10263.1097
355.0 388.0 0.0373 10688.1672
398.0 389.0 0.2112 10166.4331
425.0 390.0 0.0377 10686.9913
481.0 389.0 0.0326 10702.2886
9.0 445.0 0.0280 10716.0969
63.0 435.0 0.0412 10676.3230
113.0 427.0 0.1951 10214.7607
140.0 426.0 0.1817 10254.7615
183.0 447.0 0.0296 10711.1700
241.0 433.0 0.1101 10469.5826
278.0 436.0 0.1270 10418.9190
313.0 445.0 0.0421 10673.8087
366.0 443.0 0.0411 10676.7498
394.0 439.0 0.0449 10665.2563
435.0 444.0 0.0321 10703.5800
477.0 428.0 0.0439 10668.3404
71.0 490.0 0.0364 10690.9098
115.0 486.0 0.0315 10705.5729
143.0 486.0 0.0294 10711.9127
182.0 488.0 0.0393 10682.2246
229.0 471.0 0.0428 10671.6937
276.0 482.0 0.0461 10661.5800
312.0 476.0 0.0446 10666.2612
351.0 482.0 0.0430 10671.0698
385.0 475.0 0.0429 10671.2841
125.0 145.0 0.0322 10703.2762
67.0 361.0 0.0298 10710.6390
288.0 104.0 0.0405 10678.6186
85.0 306.0 0.1009 10497.2230
43.0 14.0 0.0399 10680.4213
366.0 163.0 0.1598 10320.5232
443.0 120.0 0.1219 10434.2866
453.0 412.0 0.0428 10671.6833
49.0 460.0 0.0346 10696.0723
203.0 335.0 0.1579 10326.3259
