250.0 250.0
16.0 12.0 0.0426 10672.3391
40.0 10.0 0.0412 10676.5113
77.0 21.0 0.0315 10705.3507
107.0 18.0 0.0360 10691.9548
127.0 22.0 0.0436 10669.1001
169.0 20.0 0.0421 10673.8020
183.0 12.0 0.0455 10663.4966
226.0 19.0 0.0450 10664.8968
243.0 16.0 0.0433 10670.1783
284.0 20.0 0.0427 10671.9525
307.0 16.0 0.0433 10670.1430
329.0 22.0 0.0394 10681.6596
372.0 8.0 0.0346 10696.1677
388.0 18.0 0.0438 10668.5863
423.0 8.0 0.0456 10663.2358
459.0 13.0 0.0390 10683.0896
484.0 17.0 0.0367 10689.9186
8.0 39.0 0.0354 10693.8499
44.0 49.0 0.0407 10677.8040
74.0 37.0 0.0382 10685.5359
111.0 47.0 0.0426 10672.2893
136.0 42.0 0.0418 10674.4994
163.0 48.0 0.0409 10677.2519
194.0 36.0 0.0339 10698.1579
225.0 49.0 0.0391 10682.8351
249.0 39.0 0.0439 10668.4191
271.0 52.0 0.0394 10681.7996
316.0 52.0 0.0412 10676.3554
334.0 47.0 0.0377 10686.9528
360.0 37.0 0.0393 10682.1846
401.0 35.0 0.0437 10668.9884
428.0 45.0 0.0392 10682.4907
449.0 50.0 0.0405 10678.6188
492.0 41.0 0.0323 10703.0203
16.0 79.0 0.0462 10661.3513
36.0 65.0 0.0386 10684.2473
69.0 81.0 0.1928 10221.6651
104.0 65.0 0.1048 10485.4997
127.0 64.0 0.1096 10471.3169
162.0 69.0 0.1256 10423.0574
183.0 77.0 0.0386 10684.2215
218.0 68.0 0.0304 10708.7107
257.0 66.0 0.0304 10708.7219
281.0 78.0 0.0444 10666.9140
304.0 72.0 0.0410 10676.9895
338.0 72.0 0.1108 10467.7055
359.0 71.0 0.1155 10453.4188
405.0 73.0 0.1234 10429.6565
431.0 71.0 0.1958 10212.4731
457.0 80.0 0.0385 10684.6322
479.0 69.0 0.0360 10691.9238
9.0 108.0 0.0456 10663.0865
38.0 106.0 0.0379 10686.2456
77.0 102.0 0.0355 10693.4463
100.0 111.0 0.3278 9816.6564
131.0 110.0 0.1140 10457.9575
162.0 111.0 0.0413 10676.0079
199.0 100.0 0.2740 9977.8698
215.0 103.0 0.1156 10453.1243
257.0 103.0 0.2312 10106.3431
283.0 100.0 0.1107 10467.9435
310.0 101.0 0.2050 10185.0206
338.0 96.0 0.1171 10448.7643
374.0 105.0 0.1928 10221.7292
389.0 107.0 0.1139 10458.3569
421.0 97.0 0.1102 10469.4765
459.0 99.0 0.0392 10682.4087
486.0 98.0 0.0405 10678.4614
23.0 127.0 0.0401 10679.7309
51.0 135.0 0.0379 10686.2883
65.0 131.0 0.0442 10667.5118
95.0 134.0 0.1187 10443.9897
140.0 129.0 0.4793 9362.2437
167.0 132.0 0.2390 10083.1470
192.0 135.0 0.0441 10667.7564
215.0 131.0 0.0442 10667.3094
241.0 127.0 0.4400 9479.9448
280.0 127.0 0.2409 10077.2482
304.0 135.0 0.1896 10231.2832
332.0 124.0 0.2851 9944.7982
369.0 132.0 0.2717 9984.8962
404.0 140.0 0.1041 10487.7340
430.0 126.0 0.1173 10448.0094
452.0 126.0 0.0420 10673.8888
490.0 128.0 0.0427 10671.8972
15.0 165.0 0.0433 10670.0098
46.0 162.0 0.0382 10685.2685
70.0 161.0 0.0430 10671.0057
100.0 155.0 0.2000 10200.0306
126.0 157.0 0.2001 10199.7663
167.0 152.0 0.4378 9486.5111
185.0 156.0 0.2466 10060.3178
212.0 164.0 0.0371 10688.6580
246.0 170.0 0.4739 9378.2491
283.0 160.0 0.1707 10287.9794
317.0 168.0 0.2647 10005.8688
337.0 170.0 0.4358 9492.7358
373.0 159.0 0.2835 9949.4462
400.0 154.0 0.1199 10440.2863
428.0 169.0 0.0344 10696.6554
450.0 167.0 0.0403 10679.0632
492.0 162.0 0.0330 10700.9252
21.0 197.0 0.0412 10676.3946
45.0 194.0 0.0426 10672.2804
80.0 191.0 0.0429 10671.3132
100.0 189.0 0.1001 10499.6760
138.0 182.0 0.1162 10451.2513
165.0 185.0 0.3013 9896.0635
196.0 188.0 0.6311 8906.7539
214.0 186.0 0.7290 8612.9839
257.0 195.0 0.7670 8499.1210
280.0 197.0 0.2847 9945.8501
313.0 198.0 0.6277 8917.0402
330.0 192.0 0.0395 10681.4748
369.0 186.0 0.2735 9979.5186
395.0 186.0 0.2627 10011.7821
429.0 189.0 0.1798 10260.7045
460.0 188.0 0.0388 10683.4550
481.0 187.0 0.0423 10673.2035
19.0 217.0 0.0420 10673.8965
42.0 218.0 0.0407 10677.9040
74.0 224.0 0.0401 10679.6145
103.0 216.0 0.1934 10219.8958
125.0 228.0 0.3131 9860.7794
164.0 216.0 0.5124 9262.8993
188.0 220.0 0.4364 9490.9460
225.0 219.0 0.7913 7770.1560
257.0 226.0 0.7928 7517.7873
287.0 217.0 0.5609 7043.0793
301.0 212.0 0.2903 9928.9796
340.0 217.0 0.1913 10226.1088
374.0 217.0 0.1185 10444.5337
388.0 224.0 0.1188 10443.5912
423.0 228.0 0.0403 10679.0025
454.0 220.0 0.0411 10676.6674
478.0 219.0 0.0452 10664.3366
14.0 249.0 0.0424 10672.8736
41.0 254.0 0.0433 10670.1354
70.0 244.0 0.0360 10691.8636
100.0 246.0 0.1600 10319.8999
131.0 255.0 0.1197 10440.9735
163.0 254.0 0.2727 9981.8574
197.0 243.0 0.4511 9446.5730
222.0 258.0 0.7916 7344.3906
249.0 255.0 0.1711 10286.5556
276.0 248.0 0.0192 10742.4502
304.0 245.0 0.6346 8896.0762
342.0 248.0 0.5071 9278.6777
373.0 241.0 0.4434 9469.6702
393.0 255.0 0.0452 10664.3848
428.0 251.0 0.0423 10673.2209
462.0 251.0 0.0455 10663.4226
483.0 245.0 0.0354 10693.8209
22.0 286.0 0.0401 10679.7595
43.0 271.0 0.0452 10664.4557
65.0 283.0 0.1036 10489.1304
105.0 282.0 0.2649 10005.3260
138.0 275.0 0.3449 9765.2671
166.0 286.0 0.2018 10194.5999
196.0 283.0 0.0304 10708.7253
217.0 270.0 0.4153 9554.0930
241.0 280.0 0.5633 9110.1927
272.0 287.0 0.7530 7151.0626
303.0 285.0 0.5482 9155.3395
330.0 271.0 0.4119 9564.4434
364.0 276.0 0.0984 10504.8717
388.0 279.0 0.1165 10450.4388
421.0 284.0 0.2723 9982.9907
462.0 285.0 0.0357 10692.9458
490.0 277.0 0.0333 10700.0557
6.0 317.0 0.0323 10703.0132
41.0 310.0 0.0336 10699.0659
72.0 312.0 0.1190 10442.8960
104.0 311.0 0.1106 10468.1538
133.0 316.0 0.0389 10683.4171
158.0 314.0 0.4955 9313.6081
182.0 301.0 0.5899 7945.2905
216.0 304.0 0.3533 9739.9738
251.0 300.0 0.2041 10187.5992
272.0 315.0 0.5662 9101.4234
311.0 309.0 0.4964 9310.7118
346.0 315.0 0.5438 9168.4895
366.0 302.0 0.3401 9779.5826
399.0 309.0 0.3271 9818.6038
418.0 315.0 0.1028 10491.7345
447.0 317.0 0.0399 10680.3957
493.0 306.0 0.0360 10691.9545
22.0 344.0 0.0442 10667.4879
39.0 342.0 0.0454 10663.6911
74.0 334.0 0.0423 10672.9986
98.0 337.0 0.1178 10446.4897
132.0 334.0 0.1998 10200.6734
153.0 333.0 0.3662 9701.3886
191.0 333.0 0.4081 9575.6425
220.0 342.0 0.4162 9551.2538
245.0 332.0 0.3361 9791.7730
274.0 346.0 0.2440 10067.9862
306.0 333.0 0.1158 10452.7308
340.0 333.0 0.2620 10013.9436
364.0 332.0 0.0372 10688.4703
405.0 344.0 0.0983 10505.1214
433.0 341.0 0.1077 10476.7899
461.0 339.0 0.0334 10699.7927
478.0 345.0 0.0421 10673.5769
11.0 361.0 0.0379 10686.3776
49.0 368.0 0.1247 10425.7611
70.0 364.0 0.1229 10431.2687
98.0 370.0 0.1871 10238.5928
129.0 365.0 0.2635 10009.5217
155.0 372.0 0.3904 9628.8267
183.0 361.0 0.1072 10478.4867
218.0 375.0 0.1879 10236.4316
253.0 374.0 0.2028 10191.5772
272.0 359.0 0.2678 9996.5617
308.0 371.0 0.3483 9755.1404
331.0 372.0 0.2600 10019.9112
375.0 359.0 0.4085 9574.5098
396.0 370.0 0.1742 10277.4505
424.0 369.0 0.0447 10666.0285
453.0 374.0 0.0415 10675.5790
478.0 360.0 0.0358 10692.7300
13.0 393.0 0.0437 10668.9160
41.0 405.0 0.0447 10665.7644
75.0 405.0 0.0424 10672.8120
111.0 398.0 0.0378 10686.5935
138.0 405.0 0.1256 10423.2942
153.0 403.0 0.1838 10248.6676
197.0 390.0 0.1987 10203.8950
216.0 389.0 0.1155 10453.3706
256.0 405.0 0.2452 10064.2822
284.0 402.0 0.1204 10438.9190
312.0 395.0 0.1237 10428.9365
336.0 398.0 0.1119 10464.1604
364.0 401.0 0.0452 10664.4968
392.0 400.0 0.1924 10222.8153
434.0 399.0 0.1027 10491.7857
453.0 396.0 0.0426 10672.0828
477.0 388.0 0.0416 10675.2610
15.0 430.0 0.0424 10672.6738
44.0 425.0 0.0370 10689.1458
71.0 431.0 0.1198 10440.6568
106.0 427.0 0.2441 10067.5783
139.0 426.0 0.0375 10687.4078
153.0 422.0 0.0449 10665.2249
196.0 431.0 0.0388 10683.6402
217.0 424.0 0.0399 10680.2295
241.0 424.0 0.0407 10677.8147
276.0 427.0 0.0396 10681.3431
311.0 429.0 0.1844 10246.8776
338.0 432.0 0.0328 10701.4810
369.0 427.0 0.1151 10454.7909
394.0 434.0 0.1217 10435.0058
435.0 423.0 0.1215 10435.5095
455.0 424.0 0.0383 10685.0727
477.0 417.0 0.0427 10671.7659
15.0 449.0 0.0430 10671.0023
43.0 461.0 0.0347 10696.0365
71.0 449.0 0.0391 10682.6424
106.0 450.0 0.0437 10668.8648
135.0 450.0 0.0420 10673.9174
166.0 450.0 0.0374 10687.9247
197.0 456.0 0.0410 10677.0035
217.0 461.0 0.0424 10672.7572
248.0 457.0 0.0409 10677.3335
282.0 461.0 0.0303 10709.2364
301.0 454.0 0.0408 10677.6116
345.0 458.0 0.0421 10673.6267
361.0 464.0 0.0412 10676.5314
392.0 455.0 0.0386 10684.3284
426.0 453.0 0.0438 10668.6051
460.0 456.0 0.0434 10669.6646
489.0 447.0 0.0352 10694.3137
20.0 488.0 0.0365 10690.5018
51.0 485.0 0.0385 10684.6067
67.0 492.0 0.0366 10690.3478
111.0 478.0 0.0418 10674.6233
127.0 484.0 0.0417 10674.8400
167.0 482.0 0.0395 10681.5214
184.0 478.0 0.0451 10664.6052
212.0 485.0 0.0313 10706.1305
258.0 483.0 0.0381 10685.8380
276.0 487.0 0.0414 10675.7048
300.0 488.0 0.0429 10671.3039
345.0 492.0 0.0342 10697.4945
376.0 485.0 0.0421 10673.8189
405.0 493.0 0.0364 10690.7957
429.0 482.0 0.0460 10662.0974
453.0 478.0 0.0351 10694.6216
490.0 489.0 0.0425 10672.3767
428.0 10.0 0.0431 10670.6907
89.0 175.0 0.0418 10674.6757
239.0 156.0 0.3099 9870.1670
208.0 289.0 0.4641 9407.5818
188.0 277.0 0.2998 9900.5899
218.0 420.0 0.1820 10253.9201
476.0 319.0 0.0378 10686.5778
140.0 320.0 0.0361 10691.7790
438.0 225.0 0.0454 10663.7887
424.0 153.0 0.1230 10431.0622
464.0 167.0 0.0342 10697.4844
